1	10	1	2	2	2	2	2	150	70
1	3	1	2	2	2	2	2	150	65
1	1	1	1	2	2	2	2	50	66
1	15	1	2	2	2	2	2	150	85
1	20	1	1	2	2	2	2	50	46
1	9	1	1	1	2	2	2	50	69
1	14	1	2	2	2	2	2	150	39
1	17	1	2	1	2	2	2	150	74
1	12	1	2	2	2	2	2	150	58
1	13	2	2	2	2	2	2	150	38
1	25	2	2	2	2	2	2	150	52
1	22	2	2	1	2	2	2	150	53
1	26	2	1	1	2	2	2	50	63
1	5	2	1	2	2	2	2	50	53
1	19	2	2	2	2	2	2	150	71
1	23	2	1	2	2	2	2	50	53
1	27	2	2	2	2	2	2	150	58
1	21	2	1	2	2	2	2	50	58
1	8	3	1	2	2	2	2	50	45
1	16	3	1	1	2	2	2	50	46
1	18	3	1	2	2	2	2	50	43
1	6	3	1	2	2	2	2	50	46
1	4	3	1	2	2	2	2	50	47
1	11	3	1	2	2	2	2	50	44
1	7	3	1	1	2	2	2	50	50
1	2	3	1	2	2	2	2	50	108
1	24	3	1	2	2	2	2	50	35
2	21	1	1	2	1	2	2	50	78
2	4	1	2	2	1	2	2	150	177
2	11	1	2	2	2	2	2	150	78
2	18	1	1	2	2	2	2	50	91
2	6	1	1	1	2	2	2	50	89
2	25	1	2	2	2	2	2	150	92
2	5	1	1	2	2	2	2	50	84
2	8	1	1	1	2	2	2	50	84
2	10	1	1	1	2	2	2	50	74
2	23	2	1	1	1	1	1	150	92
2	2	2	1	1	1	1	1	150	71
2	27	2	2	1	1	1	1	50	93
2	1	2	2	2	1	1	1	50	89
2	26	2	1	1	1	1	1	150	87
2	14	2	2	1	1	1	1	50	44
2	20	2	2	2	1	1	1	50	94
2	9	2	1	2	1	1	1	150	93
2	16	2	2	1	1	1	1	50	56
2	24	3	2	1	2	1	1	50	36
2	22	3	2	1	1	1	1	50	66
2	19	3	1	1	1	1	1	150	69
2	7	3	1	2	1	1	1	150	68
2	17	3	1	1	1	1	1	150	62
2	13	3	1	2	1	1	1	150	29
2	12	3	2	1	1	1	1	50	26
2	15	3	1	1	1	1	1	150	76
2	3	3	1	1	1	1	1	150	62
3	19	1	2	2	2	2	2	150	81
3	5	1	1	2	2	2	2	50	77
3	25	1	1	2	2	2	2	50	72
3	10	1	2	1	2	2	2	150	51
3	2	1	1	2	2	2	2	50	75
3	18	1	1	2	2	2	2	50	84
3	24	1	2	2	2	2	2	150	21
3	4	1	2	2	1	2	2	150	59
3	17	1	2	1	2	2	2	150	51
3	12	2	2	2	2	2	2	150	22
3	1	2	1	2	2	2	2	50	36
3	7	2	2	2	2	2	2	150	49
3	8	2	1	2	2	2	2	50	34
3	6	2	1	2	2	2	2	50	37
3	3	2	2	1	2	2	2	150	47
3	9	2	1	2	2	2	2	50	35
3	14	2	1	2	2	2	2	50	35
3	16	2	1	2	2	2	2	50	38
3	15	3	2	2	2	2	2	150	57
3	26	3	1	2	2	2	2	50	50
3	22	3	2	2	2	2	2	150	61
3	13	3	1	2	2	2	2	50	30
3	21	3	1	2	2	2	2	50	54
3	11	3	2	2	2	2	2	150	37
3	20	3	1	2	2	2	2	50	42
3	27	3	1	2	2	2	2	50	38
3	23	3	2	2	2	2	2	150	44
4	25	1	1	2	1	1	1	150	57
4	14	1	2	2	1	1	1	50	26
4	5	1	1	1	1	1	1	150	33
4	17	1	2	1	1	1	1	50	28
4	13	1	1	1	1	1	1	150	26
4	21	1	1	1	1	1	1	150	25
4	20	1	2	1	1	1	1	50	30
4	16	1	1	1	1	1	1	150	29
4	4	1	2	2	1	1	1	50	31
4	22	2	1	1	1	2	2	50	87
4	27	2	2	2	2	2	2	150	36
4	9	2	1	2	2	2	2	50	35
4	10	2	2	1	1	2	2	150	65
4	19	2	1	2	2	2	2	50	53
4	1	2	2	2	2	2	2	150	35
4	2	2	1	2	2	2	2	50	88
4	7	2	2	2	2	2	2	150	54
4	11	2	2	2	2	2	2	150	35
4	18	3	2	1	1	1	1	50	69
4	26	3	1	2	2	1	1	150	53
4	6	3	2	2	1	1	1	50	68
4	15	3	2	1	1	1	1	50	66
4	12	3	2	2	1	1	1	50	26
4	23	3	1	1	1	1	1	150	68
4	24	3	2	2	1	1	1	50	30
4	3	3	2	1	1	1	1	50	61
4	8	3	2	1	1	1	1	50	60
5	23	1	2	1	2	2	2	150	37
5	21	1	2	2	2	2	2	150	37
5	16	1	1	2	2	2	2	50	30
5	4	1	1	1	1	2	2	50	45
5	22	1	2	2	2	2	2	150	31
5	10	1	2	2	2	2	2	150	78
5	12	1	2	1	2	2	2	150	27
5	24	1	2	2	2	2	2	150	21
5	27	1	2	2	2	2	2	150	34
5	15	2	1	1	1	1	1	150	23
5	26	2	2	2	1	1	1	50	31
5	5	2	1	1	1	1	1	150	27
5	11	2	1	1	1	1	1	150	22
5	7	2	2	1	1	1	1	50	26
5	20	2	1	1	1	1	1	150	25
5	18	2	2	1	1	1	1	50	28
5	14	2	2	1	1	1	1	50	25
5	13	2	2	2	1	1	1	50	24
5	1	3	2	2	1	1	1	50	74
5	17	3	2	1	1	1	1	50	70
5	8	3	1	1	1	1	1	150	50
5	3	3	1	1	1	1	1	150	61
5	2	3	2	1	1	1	1	50	68
5	9	3	2	1	1	1	1	50	68
5	6	3	2	1	1	1	1	50	70
5	19	3	2	1	1	1	1	50	72
5	25	3	1	2	1	1	1	150	61
6	2	1	2	1	1	1	1	50	91
6	27	1	1	1	1	1	1	150	40
6	14	1	1	2	1	1	1	150	38
6	25	1	1	1	1	1	1	150	44
6	7	1	1	1	1	1	1	150	42
6	8	1	2	1	1	1	1	50	36
6	6	1	2	2	1	1	1	50	58
6	19	1	2	1	1	1	1	50	55
6	22	1	1	1	1	1	1	150	43
6	5	2	1	1	1	1	1	150	35
6	9	2	2	1	1	1	1	50	28
6	16	2	1	1	1	1	1	150	26
6	13	2	2	2	1	1	1	50	23
6	20	2	2	1	1	1	1	50	25
6	17	2	2	1	1	1	1	50	70
6	11	2	1	2	1	1	1	150	29
6	3	2	1	1	1	1	1	150	31
6	10	2	1	1	1	1	1	150	25
6	18	3	2	2	2	2	2	150	30
6	15	3	1	2	2	2	2	50	27
6	23	3	2	2	2	2	2	150	26
6	12	3	1	1	2	2	2	50	37
6	26	3	1	2	2	2	2	50	27
6	21	3	1	2	2	2	2	50	31
6	1	3	2	1	2	2	2	150	35
6	24	3	2	2	2	2	2	150	35
6	4	3	2	1	2	2	2	150	42
7	9	1	1	2	2	2	2	50	22
7	8	1	1	1	2	2	2	50	25
7	17	1	2	2	2	2	2	150	33
7	14	1	1	2	2	2	2	50	24
7	22	1	2	2	2	2	2	150	25
7	1	1	2	2	2	2	2	150	25
7	20	1	2	2	2	2	2	150	29
7	7	1	1	1	2	2	2	50	27
7	26	1	1	2	1	2	2	50	30
7	21	2	2	1	1	1	1	50	43
7	5	2	2	1	1	1	1	50	28
7	11	2	1	1	1	1	1	150	35
7	10	2	2	1	2	1	1	50	55
7	24	2	2	2	1	1	1	50	29
7	4	2	1	2	1	1	1	150	41
7	6	2	1	1	1	1	1	150	45
7	23	2	2	1	1	1	1	50	27
7	18	2	1	2	1	1	1	150	49
7	15	3	2	2	1	1	2	10	59
7	19	3	2	1	1	1	2	10	90
7	13	3	2	1	1	1	2	10	63
7	3	3	1	1	2	1	2	10	100
7	27	3	1	2	1	1	2	10	64
7	25	3	1	2	1	1	2	10	132
7	2	3	2	2	1	1	2	10	96
7	16	3	2	2	2	1	2	10	35
7	12	3	1	1	1	1	2	10	45
8	7	1	2	1	2	2	2	150	27
8	21	1	1	2	2	2	2	50	34
8	15	1	1	2	2	2	2	50	35
8	27	1	1	2	2	2	2	50	25
8	26	1	2	2	2	2	2	150	22
8	14	1	1	2	2	2	2	50	21
8	8	1	2	2	2	2	2	150	21
8	19	1	1	2	2	2	2	50	42
8	5	1	2	2	2	2	2	150	22
8	25	2	2	2	2	2	2	150	41
8	4	2	1	2	2	2	2	50	37
8	12	2	1	2	2	2	2	50	25
8	3	2	2	1	2	2	2	150	44
8	17	2	1	1	2	2	2	50	45
8	9	2	2	2	2	2	2	150	37
8	2	2	1	2	2	2	2	50	88
8	24	2	2	2	2	2	2	150	31
8	1	2	2	2	2	2	2	150	65
8	23	3	2	2	1	1	1	50	27
8	10	3	1	2	1	1	1	150	21
8	6	3	2	1	1	1	1	50	32
8	13	3	2	1	1	1	1	50	28
8	18	3	1	1	1	1	1	150	27
8	11	3	2	1	1	1	1	50	35
8	16	3	1	1	1	1	1	150	31
8	22	3	1	1	1	1	1	150	20
8	20	3	1	1	1	1	1	150	41
9	10	1	2	1	1	1	1	50	56
9	12	1	1	2	1	1	1	150	20
9	15	1	1	1	1	1	1	150	22
9	18	1	1	1	1	1	1	150	29
9	21	1	1	2	1	1	1	150	39
9	1	1	1	1	1	1	1	150	27
9	11	1	1	2	1	1	1	150	23
9	14	1	1	1	1	1	1	150	22
9	23	1	2	1	1	1	1	50	23
9	7	2	2	2	1	1	1	50	50
9	8	2	2	1	1	1	1	50	40
9	24	2	2	1	1	1	1	50	27
9	17	2	1	1	1	1	1	150	54
9	3	2	2	2	1	1	1	50	61
9	26	2	1	1	1	1	1	150	47
9	5	2	1	2	1	1	1	150	46
9	25	2	1	1	1	1	1	150	36
9	4	2	1	2	1	1	1	150	52
9	20	3	1	1	1	1	1	150	97
9	19	3	1	1	1	1	1	150	89
9	22	3	2	2	1	1	1	50	68
9	16	3	2	1	2	1	1	50	100
9	6	3	1	2	1	1	1	150	101
9	13	3	2	2	2	1	1	50	63
9	2	3	2	1	1	1	1	50	91
9	9	3	2	1	1	1	1	50	98
9	27	3	1	2	1	1	1	150	96
10	12	1	1	1	1	1	1	150	47
10	24	1	2	1	1	1	1	50	44
10	7	1	1	1	1	1	1	150	49
10	23	1	2	1	1	1	1	50	45
10	21	1	1	2	1	1	1	150	50
10	6	1	2	2	1	1	1	50	52
10	17	1	1	1	1	1	1	150	47
10	19	1	1	2	1	1	1	150	54
10	20	1	2	1	1	1	1	50	51
10	5	2	1	1	1	1	1	150	21
10	27	2	1	1	1	1	1	150	27
10	15	2	1	2	1	1	1	150	21
10	11	2	2	1	1	1	1	50	24
10	10	2	1	1	1	1	1	150	24
10	26	2	1	1	2	1	1	150	27
10	25	2	1	1	1	1	1	150	28
10	8	2	2	1	1	1	1	50	22
10	9	2	1	1	1	1	1	150	20
10	18	3	2	2	1	1	1	50	28
10	13	3	2	1	1	1	1	50	26
10	16	3	1	2	1	1	1	150	27
10	2	3	2	1	1	1	1	50	46
10	14	3	2	1	1	1	1	50	33
10	3	3	2	1	1	1	1	50	26
10	4	3	1	1	1	1	1	150	35
10	22	3	2	1	1	1	1	50	24
10	1	3	1	2	1	1	1	150	33
11	12	1	2	1	2	2	2	150	27
11	18	1	1	1	2	2	2	50	26
11	24	1	1	2	2	2	2	50	28
11	17	1	1	2	2	2	2	50	61
11	23	1	1	1	2	2	2	50	24
11	25	1	2	2	2	2	2	150	19
11	22	1	1	2	2	2	2	50	27
11	4	1	2	2	2	2	2	150	33
11	2	1	2	2	2	2	2	150	25
11	15	2	2	2	1	1	1	50	27
11	16	2	2	1	2	1	1	50	46
11	11	2	2	1	1	1	1	50	23
11	14	2	2	1	1	1	1	50	11
11	21	2	1	1	1	1	1	150	11
11	6	2	2	1	1	1	1	50	47
11	26	2	1	2	1	1	1	150	27
11	9	2	2	1	1	1	1	50	25
11	27	2	1	1	1	1	1	150	26
11	7	3	2	2	2	2	2	150	23
11	3	3	1	2	2	2	2	50	28
11	10	3	2	2	2	2	2	150	22
11	19	3	2	2	2	2	2	150	23
11	1	3	2	2	2	2	2	150	20
11	8	3	1	2	2	2	2	50	19
11	13	3	1	2	2	2	2	50	16
11	20	3	2	2	2	2	2	150	33
11	5	3	1	2	2	2	2	50	17
12	18	1	1	2	2	2	2	50	35
12	11	1	2	1	2	2	2	150	31
12	4	1	1	2	2	2	2	50	32
12	2	1	2	2	2	2	2	150	29
12	6	1	1	2	2	2	2	50	32
12	16	1	2	2	2	2	2	150	29
12	3	1	2	1	2	2	2	150	29
12	25	1	2	1	2	2	2	150	33
12	13	1	2	2	2	2	2	150	30
12	15	2	2	2	2	2	2	150	71
12	20	2	2	2	2	2	2	150	40
12	17	2	1	2	2	2	2	50	38
12	10	2	2	2	2	2	2	150	52
12	1	2	2	2	2	2	2	150	43
12	9	2	2	2	2	2	2	150	42
12	8	2	2	2	2	2	2	150	44
12	19	2	1	1	2	2	2	50	65
12	12	2	2	1	2	2	2	150	43
12	26	3	1	1	2	1	1	150	24
12	24	3	2	2	1	1	1	50	24
12	23	3	1	1	1	1	1	150	23
12	21	3	1	1	1	1	1	150	40
12	5	3	1	2	1	1	1	150	25
12	22	3	1	2	1	1	1	150	27
12	27	3	1	1	1	1	1	150	23
12	7	3	2	1	1	1	1	50	28
12	14	3	2	1	1	1	1	50	26
13	14	1	1	1	1	1	1	150	64
13	20	1	1	2	1	1	1	150	142
13	21	1	2	1	2	1	1	50	47
13	24	1	1	2	2	1	1	150	31
13	19	1	1	1	1	1	1	150	38
13	1	1	1	1	1	1	1	150	113
13	3	1	2	2	2	1	1	50	97
13	25	1	1	1	1	1	1	150	66
13	26	1	1	2	1	1	1	150	40
13	2	2	2	1	1	1	1	50	15
13	7	2	1	1	1	1	1	150	15
13	22	2	2	1	1	1	1	50	20
13	9	2	2	1	1	1	1	50	22
13	16	2	1	1	1	1	1	150	19
13	6	2	2	1	1	1	1	50	27
13	23	2	2	1	1	1	1	50	20
13	13	2	2	1	1	1	1	50	14
13	15	2	2	1	1	1	1	50	9
13	12	3	1	2	2	2	2	50	22
13	27	3	2	2	2	2	2	150	25
13	8	3	2	2	2	2	2	150	24
13	17	3	1	1	2	2	2	50	40
13	10	3	2	2	2	2	2	150	25
13	11	3	2	2	2	2	2	150	19
13	4	3	2	2	2	2	2	150	27
13	5	3	2	2	2	2	2	150	20
13	18	3	1	2	2	2	2	50	42
14	11	1	2	1	2	1	1	50	33
14	26	1	1	1	1	1	1	150	73
14	12	1	2	1	1	1	1	50	41
14	7	1	1	2	1	1	1	150	32
14	17	1	1	2	1	1	1	150	61
14	24	1	2	1	1	1	1	50	63
14	16	1	2	1	2	1	1	50	76
14	15	1	2	1	1	1	1	50	25
14	10	1	2	1	2	1	1	50	34
14	9	2	1	1	1	1	1	150	16
14	23	2	1	1	1	1	1	150	22
14	3	2	1	1	1	1	1	150	20
14	5	2	1	1	1	1	1	150	21
14	18	2	1	1	1	1	1	150	37
14	4	2	1	1	1	1	1	150	22
14	20	2	1	2	1	1	1	150	21
14	13	2	1	1	1	1	1	150	14
14	2	2	1	2	1	1	1	150	58
14	25	3	1	1	1	1	1	150	30
14	21	3	2	1	1	1	1	50	23
14	6	3	1	2	1	1	1	150	26
14	1	3	1	1	1	1	1	150	27
14	14	3	1	1	1	1	1	150	21
14	22	3	2	1	1	1	1	50	24
14	19	3	1	2	1	1	1	150	23
14	27	3	1	1	1	1	1	150	23
14	8	3	1	1	1	1	1	150	17
15	4	1	1	2	2	2	2	50	19
15	25	1	1	2	2	2	2	50	43
15	19	1	2	1	2	2	2	150	20
15	17	1	2	2	2	2	2	150	39
15	26	1	1	2	2	2	2	50	57
15	3	1	2	2	2	2	2	150	48
15	21	1	1	2	2	2	2	50	70
15	10	1	2	2	2	2	2	150	34
15	13	1	2	2	2	2	2	150	26
15	27	2	2	2	2	2	2	150	37
15	16	2	2	1	2	2	2	150	27
15	6	2	2	1	2	2	2	150	38
15	18	2	2	2	2	2	2	150	40
15	15	2	2	2	2	2	2	150	34
15	20	2	2	2	2	2	2	150	33
15	1	2	1	1	2	2	2	50	39
15	7	2	1	2	2	2	2	50	27
15	23	2	2	2	2	2	2	150	32
15	22	3	2	1	2	1	2	10	26
15	2	3	2	1	1	1	2	10	72
15	5	3	1	1	1	1	2	10	63
15	12	3	2	1	2	1	2	10	32
15	9	3	1	2	1	1	2	10	58
15	24	3	2	2	1	1	2	10	41
15	8	3	1	1	1	1	2	10	59
15	14	3	2	2	2	1	2	10	87
15	11	3	2	2	1	1	2	10	35