1	10	1	1	2	2	1	1	150	3
1	3	1	1	1	1	1	1	150	22
1	1	1	1	1	1	1	1	150	24
1	15	1	1	1	1	1	1	150	14
1	20	1	2	1	1	1	1	50	21
1	9	1	1	1	1	1	1	150	3
1	14	1	1	1	2	1	1	150	19
1	17	1	2	1	1	1	1	50	7
1	12	1	1	2	2	1	1	150	44
1	13	2	1	1	1	1	1	150	4
1	25	2	2	1	2	1	1	50	16
1	22	2	1	1	1	1	1	150	8
1	26	2	1	2	2	1	1	150	12
1	5	2	1	2	2	1	1	150	12
1	19	2	1	1	1	1	1	150	24
1	23	2	2	1	1	1	1	50	29
1	27	2	1	1	1	1	1	150	7
1	21	2	1	1	1	1	1	150	27
1	8	3	1	2	2	1	1	150	14
1	16	3	2	1	2	1	1	50	17
1	18	3	1	1	1	1	1	150	16
1	6	3	1	1	1	1	1	150	12
1	4	3	1	1	1	1	1	150	6
1	11	3	1	1	1	1	1	150	18
1	7	3	2	1	2	1	1	50	5
1	2	3	1	1	1	1	1	150	13
1	24	3	1	1	1	1	1	150	4
2	21	1	2	1	2	2	1	10	37
2	4	1	1	2	2	2	1	10	4
2	11	1	2	1	2	2	1	10	17
2	18	1	2	1	1	2	1	10	13
2	6	1	2	1	2	2	1	10	18
2	25	1	2	1	2	2	1	10	10
2	5	1	1	2	2	2	1	10	12
2	8	1	2	1	1	2	1	10	3
2	10	1	1	1	1	2	1	10	5
2	23	2	1	1	1	1	1	150	4
2	2	2	1	2	1	1	1	150	14
2	27	2	2	1	1	1	1	50	12
2	1	2	2	1	2	1	1	50	13
2	26	2	1	1	1	1	1	150	4
2	14	2	1	1	1	1	1	150	17
2	20	2	2	1	1	1	1	50	6
2	9	2	2	1	1	1	1	50	3
2	16	2	1	1	1	1	1	150	14
2	24	3	2	2	2	2	2	150	3
2	22	3	1	2	1	2	2	50	6
2	19	3	1	2	2	2	2	50	12
2	7	3	2	2	2	2	2	150	8
2	17	3	2	1	1	2	2	150	5
2	13	3	2	2	2	2	2	150	6
2	12	3	2	2	2	2	2	150	17
2	15	3	2	2	1	2	2	150	9
2	3	3	2	2	2	2	2	150	9
3	19	1	2	1	1	2	2	150	17
3	5	1	1	2	2	2	2	50	43
3	25	1	2	2	2	2	2	150	12
3	10	1	2	1	1	2	2	150	10
3	2	1	2	1	2	2	2	150	6
3	18	1	2	2	2	2	2	150	15
3	24	1	1	2	2	2	2	50	4
3	4	1	1	2	1	2	2	50	18
3	17	1	2	2	2	2	2	150	4
3	12	2	2	1	1	1	1	50	16
3	1	2	1	1	1	1	1	150	6
3	7	2	1	2	1	1	1	150	6
3	8	2	2	1	1	1	1	50	23
3	6	2	2	2	2	1	1	50	13
3	3	2	1	2	2	1	1	150	15
3	9	2	2	1	1	1	1	50	2
3	14	2	1	2	2	1	1	150	17
3	16	2	2	1	2	1	1	50	5
3	15	3	2	2	2	1	1	50	13
3	26	3	1	1	1	1	1	150	7
3	22	3	2	2	2	1	1	50	5
3	13	3	1	1	1	1	1	150	4
3	21	3	2	1	1	1	1	50	51
3	11	3	2	2	2	1	1	50	11
3	20	3	2	2	2	1	1	50	6
3	27	3	1	1	1	1	1	150	23
3	23	3	1	1	1	1	1	150	5
4	25	1	2	2	2	2	1	10	8
4	14	1	2	2	2	2	1	10	15
4	5	1	2	1	2	2	1	10	16
4	17	1	1	1	1	2	1	10	3
4	13	1	1	1	1	2	1	10	6
4	21	1	1	2	2	2	1	10	21
4	20	1	2	1	1	2	1	10	6
4	16	1	1	1	1	2	1	10	19
4	4	1	2	1	2	2	1	10	11
4	22	2	1	1	1	1	2	10	12
4	27	2	1	2	2	1	2	10	4
4	9	2	1	1	1	1	2	10	3
4	10	2	2	1	1	1	2	10	5
4	19	2	2	2	2	1	2	10	8
4	1	2	1	1	1	1	2	10	6
4	2	2	1	2	1	1	2	10	11
4	7	2	1	1	1	1	2	10	4
4	11	2	1	1	1	1	2	10	7
4	18	3	2	2	2	2	2	150	10
4	26	3	1	1	1	2	2	50	5
4	6	3	2	2	2	2	2	150	8
4	15	3	1	2	2	2	2	50	14
4	12	3	2	1	1	2	2	150	11
4	23	3	1	2	2	2	2	50	40
4	24	3	2	2	2	2	2	150	3
4	3	3	1	2	2	2	2	50	5
4	8	3	2	1	1	2	2	150	4
5	23	1	1	2	2	1	1	150	19
5	21	1	2	2	2	1	1	50	19
5	16	1	1	2	1	1	1	150	8
5	4	1	2	1	2	1	1	50	25
5	22	1	1	1	1	1	1	150	4
5	10	1	1	1	1	1	1	150	3
5	12	1	2	2	2	1	1	50	10
5	24	1	1	1	1	1	1	150	4
5	27	1	2	1	1	1	1	50	14
5	15	2	1	1	1	1	1	150	17
5	26	2	2	1	1	1	1	50	9
5	5	2	2	1	2	1	1	50	23
5	11	2	2	1	1	1	1	50	7
5	7	2	2	1	2	1	1	50	4
5	20	2	2	2	2	1	1	50	7
5	18	2	2	1	1	1	1	50	18
5	14	2	1	1	1	1	1	150	12
5	13	2	1	1	1	1	1	150	4
5	1	3	1	2	2	1	2	10	23
5	17	3	2	2	2	1	2	10	3
5	8	3	1	1	1	1	2	10	5
5	3	3	2	1	1	1	2	10	13
5	2	3	1	1	1	1	2	10	10
5	9	3	1	1	1	1	2	10	3
5	6	3	2	1	2	1	2	10	20
5	19	3	2	2	2	1	2	10	4
5	25	3	1	1	1	1	2	10	11
6	2	1	1	2	1	1	2	10	9
6	27	1	2	2	2	1	2	10	11
6	14	1	1	1	2	1	2	10	14
6	25	1	1	2	1	1	2	10	19
6	7	1	1	2	1	1	2	10	5
6	8	1	1	2	1	1	2	10	13
6	6	1	2	1	2	1	2	10	23
6	19	1	2	1	1	1	2	10	14
6	22	1	2	2	2	1	2	10	5
6	5	2	1	1	1	2	1	10	11
6	9	2	1	1	1	2	1	10	4
6	16	2	2	1	2	2	1	10	15
6	13	2	1	2	2	2	1	10	5
6	20	2	2	2	2	2	1	10	4
6	17	2	1	2	2	2	1	10	6
6	11	2	2	1	1	2	1	10	9
6	3	2	2	1	1	2	1	10	19
6	10	2	1	2	2	2	1	10	4
6	18	3	2	2	2	2	2	150	6
6	15	3	1	2	1	2	2	50	17
6	23	3	2	2	1	2	2	150	30
6	12	3	1	2	2	2	2	50	14
6	26	3	2	2	2	2	2	150	8
6	21	3	2	2	2	2	2	150	29
6	1	3	1	1	1	2	2	50	7
6	24	3	1	2	2	2	2	50	3
6	4	3	1	2	2	2	2	50	7
7	9	1	1	1	1	2	1	10	3
7	8	1	2	2	2	2	1	10	12
7	17	1	1	1	1	2	1	10	4
7	14	1	1	1	2	2	1	10	16
7	22	1	2	1	2	2	1	10	9
7	1	1	2	1	1	2	1	10	28
7	20	1	2	2	2	2	1	10	3
7	7	1	2	1	2	2	1	10	10
7	26	1	1	1	1	2	1	10	12
7	21	2	1	1	1	1	1	150	15
7	5	2	1	1	1	1	1	150	11
7	11	2	1	1	1	1	1	150	5
7	10	2	2	2	2	1	1	50	10
7	24	2	2	1	1	1	1	50	4
7	4	2	1	1	1	1	1	150	18
7	6	2	1	1	1	1	1	150	17
7	23	2	2	1	1	1	1	50	37
7	18	2	1	1	1	1	1	150	8
7	15	3	1	2	1	2	2	50	13
7	19	3	2	2	2	2	2	150	15
7	13	3	2	2	2	2	2	150	3
7	3	3	2	2	2	2	2	150	17
7	27	3	1	2	2	2	2	50	6
7	25	3	1	2	2	2	2	50	16
7	2	3	1	2	1	2	2	50	8
7	16	3	1	2	1	2	2	50	13
7	12	3	1	2	2	2	2	50	14
8	7	1	2	2	2	1	1	50	3
8	21	1	2	1	2	1	1	50	31
8	15	1	1	1	1	1	1	150	9
8	27	1	1	1	1	1	1	150	4
8	26	1	2	1	1	1	1	50	12
8	14	1	2	1	1	1	1	50	12
8	8	1	1	1	1	1	1	150	5
8	19	1	1	1	1	1	1	150	5
8	5	1	1	2	1	1	1	150	14
8	25	2	1	1	1	2	1	10	9
8	4	2	1	1	1	2	1	10	7
8	12	2	2	2	2	2	1	10	6
8	3	2	1	1	1	2	1	10	12
8	17	2	2	2	2	2	1	10	4
8	9	2	1	2	2	2	1	10	4
8	2	2	2	1	2	2	1	10	10
8	24	2	2	2	2	2	1	10	6
8	1	2	2	1	1	2	1	10	13
8	23	3	1	1	1	2	2	50	19
8	10	3	1	1	1	2	2	50	4
8	6	3	2	1	2	2	2	150	22
8	13	3	1	2	2	2	2	50	4
8	18	3	2	2	2	2	2	150	14
8	11	3	2	2	2	2	2	150	7
8	16	3	1	2	1	2	2	50	4
8	22	3	1	2	1	2	2	50	7
8	20	3	1	2	2	2	2	50	2
9	10	1	2	1	1	2	2	150	2
9	12	1	1	2	2	2	2	50	27
9	15	1	2	2	2	2	2	150	14
9	18	1	2	2	2	2	2	150	9
9	21	1	1	1	1	2	2	50	30
9	1	1	2	2	2	2	2	150	10
9	11	1	1	2	2	2	2	50	6
9	14	1	2	2	1	2	2	150	21
9	23	1	2	1	1	2	2	150	32
9	7	2	1	1	1	2	2	50	4
9	8	2	1	2	2	2	2	50	11
9	24	2	1	2	2	2	2	50	3
9	17	2	1	1	1	2	2	50	4
9	3	2	1	2	2	2	2	50	6
9	26	2	2	2	2	2	2	150	11
9	5	2	2	1	2	2	2	150	11
9	25	2	1	2	2	2	2	50	16
9	4	2	2	2	2	2	2	150	7
9	20	3	1	1	2	1	1	150	2
9	19	3	1	2	2	1	1	150	6
9	22	3	1	2	2	1	1	150	8
9	16	3	2	2	2	1	1	50	4
9	6	3	1	1	1	1	1	150	11
9	13	3	1	1	1	1	1	150	8
9	2	3	1	2	1	1	1	150	8
9	9	3	2	1	1	1	1	50	3
9	27	3	2	1	1	1	1	50	8
10	12	1	2	1	1	2	1	10	19
10	24	1	1	2	2	2	1	10	3
10	7	1	1	1	1	2	1	10	3
10	23	1	1	2	2	2	1	10	27
10	21	1	2	2	2	2	1	10	34
10	6	1	1	2	1	2	1	10	9
10	17	1	1	2	2	2	1	10	5
10	19	1	2	2	2	2	1	10	11
10	20	1	1	2	2	2	1	10	4
10	5	2	1	2	1	1	2	10	6
10	27	2	1	1	1	1	2	10	16
10	15	2	1	1	1	1	2	10	10
10	11	2	1	1	1	1	2	10	9
10	10	2	1	2	2	1	2	10	4
10	26	2	2	1	1	1	2	10	8
10	25	2	2	2	2	1	2	10	8
10	8	2	2	1	1	1	2	10	9
10	9	2	1	1	1	1	2	10	3
10	18	3	2	2	2	2	2	150	8
10	13	3	1	1	1	2	2	50	3
10	16	3	2	2	2	2	2	150	4
10	2	3	2	2	2	2	2	150	10
10	14	3	2	2	1	2	2	150	15
10	3	3	1	2	2	2	2	50	3
10	4	3	1	2	1	2	2	50	15
10	22	3	1	2	2	2	2	50	11
10	1	3	2	1	1	2	2	150	14
11	12	1	2	1	1	1	2	10	21
11	18	1	1	2	2	1	2	10	9
11	24	1	1	1	1	1	2	10	6
11	17	1	2	2	2	1	2	10	5
11	23	1	1	2	2	1	2	10	14
11	25	1	1	2	1	1	2	10	15
11	22	1	1	2	1	1	2	10	9
11	4	1	1	2	2	1	2	10	9
11	2	1	1	2	1	1	2	10	8
11	15	2	1	1	1	2	1	10	7
11	16	2	2	1	2	2	1	10	14
11	11	2	1	1	1	2	1	10	5
11	14	2	1	2	2	2	1	10	17
11	21	2	2	1	2	2	1	10	50
11	6	2	2	1	2	2	1	10	20
11	26	2	1	2	2	2	1	10	7
11	9	2	1	2	2	2	1	10	3
11	27	2	1	1	1	2	1	10	23
11	7	3	1	1	1	1	1	150	6
11	3	3	2	1	1	1	1	50	3
11	10	3	2	1	1	1	1	50	3
11	19	3	2	1	1	1	1	50	7
11	1	3	1	1	1	1	1	150	6
11	8	3	2	1	2	1	1	50	7
11	13	3	1	2	2	1	1	150	4
11	20	3	1	1	2	1	1	150	3
11	5	3	1	2	1	1	1	150	10
12	18	1	2	1	1	2	2	150	5
12	11	1	2	2	2	2	2	150	10
12	4	1	2	2	2	2	2	150	3
12	2	1	1	2	1	2	2	50	6
12	6	1	1	2	2	2	2	50	22
12	16	1	2	2	2	2	2	150	12
12	3	1	2	1	1	2	2	150	3
12	25	1	1	1	1	2	2	50	6
12	13	1	1	2	2	2	2	50	4
12	15	2	2	2	2	2	2	150	10
12	20	2	1	2	1	2	2	50	2
12	17	2	1	2	2	2	2	50	5
12	10	2	2	2	2	2	2	150	5
12	1	2	1	1	1	2	2	50	4
12	9	2	2	1	1	2	2	150	20
12	8	2	2	2	2	2	2	150	4
12	19	2	2	1	1	2	2	150	5
12	12	2	2	2	2	2	2	150	11
12	26	3	2	2	2	1	1	50	8
12	24	3	2	1	1	1	1	50	14
12	23	3	1	1	1	1	1	150	3
12	21	3	1	1	1	1	1	150	20
12	5	3	2	1	2	1	1	50	5
12	22	3	1	2	1	1	1	150	6
12	27	3	2	2	2	1	1	50	6
12	7	3	2	2	2	1	1	50	4
12	14	3	1	1	1	1	1	150	11
13	14	1	2	2	1	1	1	50	23
13	20	1	2	1	1	1	1	50	6
13	21	1	1	1	1	1	1	150	13
13	24	1	2	1	1	1	1	50	9
13	19	1	2	2	2	1	1	50	30
13	1	1	2	1	2	1	1	50	15
13	3	1	1	1	1	1	1	150	32
13	25	1	1	1	1	1	1	150	7
13	26	1	2	2	2	1	1	50	9
13	2	2	1	2	1	1	2	10	8
13	7	2	2	2	2	1	2	10	3
13	22	2	2	1	1	1	2	10	25
13	9	2	2	2	2	1	2	10	9
13	16	2	1	2	1	1	2	10	13
13	6	2	2	2	2	1	2	10	12
13	23	2	1	2	1	1	2	10	8
13	13	2	2	1	1	1	2	10	5
13	15	2	1	2	2	1	2	10	16
13	12	3	1	2	2	1	1	150	12
13	27	3	1	1	1	1	1	150	6
13	8	3	1	1	1	1	1	150	11
13	17	3	1	1	1	1	1	150	6
13	10	3	1	1	1	1	1	150	14
13	11	3	2	1	2	1	1	50	28
13	4	3	1	1	1	1	1	150	5
13	5	3	2	1	2	1	1	50	6
13	18	3	2	1	1	1	1	50	12
14	11	1	2	1	2	2	2	150	14
14	26	1	1	2	2	2	2	50	8
14	12	1	2	1	1	2	2	150	11
14	7	1	2	2	2	2	2	150	4
14	17	1	2	2	2	2	2	150	3
14	24	1	2	2	2	2	2	150	9
14	16	1	1	2	1	2	2	50	7
14	15	1	1	2	2	2	2	50	12
14	10	1	1	2	2	2	2	50	5
14	9	2	2	1	1	1	1	50	3
14	23	2	1	2	2	1	1	150	20
14	3	2	2	1	1	1	1	50	4
14	5	2	1	1	1	1	1	150	5
14	18	2	1	1	1	1	1	150	9
14	4	2	1	1	1	1	1	150	10
14	20	2	1	1	1	1	1	150	3
14	13	2	1	2	2	1	1	150	4
14	2	2	1	1	1	1	1	150	8
14	25	3	2	1	1	1	1	50	13
14	21	3	2	2	2	1	1	50	12
14	6	3	2	1	1	1	1	50	10
14	1	3	2	1	2	1	1	50	13
14	14	3	2	1	1	1	1	50	23
14	22	3	1	1	1	1	1	150	6
14	19	3	1	2	2	1	1	150	9
14	27	3	2	1	1	1	1	50	4
14	8	3	1	1	1	1	1	150	7
15	4	1	2	1	1	1	1	50	8
15	25	1	1	1	1	1	1	150	8
15	19	1	1	1	1	1	1	150	20
15	17	1	2	1	1	1	1	50	5
15	26	1	1	1	1	1	1	150	4
15	3	1	2	2	1	1	1	50	17
15	21	1	2	1	2	1	1	50	10
15	10	1	1	2	2	1	1	150	4
15	13	1	2	1	1	1	1	50	18
15	27	2	1	2	2	2	2	50	6
15	16	2	1	2	1	2	2	50	7
15	6	2	2	1	2	2	2	150	22
15	18	2	1	1	1	2	2	50	11
15	15	2	1	2	2	2	2	50	17
15	20	2	2	1	1	2	2	150	3
15	1	2	1	2	2	2	2	50	12
15	7	2	2	1	2	2	2	150	11
15	23	2	2	2	2	2	2	150	21
15	22	3	2	1	1	2	1	10	4
15	2	3	2	1	2	2	1	10	6
15	5	3	2	1	2	2	1	10	10
15	12	3	2	2	2	2	1	10	7
15	9	3	2	2	2	2	1	10	5
15	24	3	1	1	1	2	1	10	3
15	8	3	2	1	2	2	1	10	11
15	14	3	1	1	1	2	1	10	8
15	11	3	2	2	2	2	1	10	7