1	9	1	2	2	2	2	2	150	17
1	18	1	2	1	2	2	2	150	48
1	5	1	2	2	2	2	2	150	34
1	4	1	1	2	2	2	2	50	33
1	16	1	2	2	2	2	2	150	20
1	14	1	1	1	1	2	2	50	44
1	13	1	2	2	2	2	2	150	19
1	17	1	2	2	1	2	2	150	35
1	2	1	1	2	2	2	2	50	18
1	3	2	2	2	2	2	2	150	30
1	12	2	1	1	1	2	2	50	22
1	8	2	1	2	2	2	2	50	23
1	6	2	1	2	2	2	2	50	23
1	15	2	1	2	2	2	2	50	28
1	10	2	2	1	1	2	2	150	7
1	7	2	1	2	2	2	2	50	15
1	1	2	1	2	2	2	2	50	17
1	11	2	1	2	2	2	2	50	42
2	9	1	2	2	1	1	1	50	19
2	1	1	1	1	1	1	1	150	13
2	3	1	1	1	1	1	1	150	20
2	7	1	1	1	1	1	1	150	27
2	12	1	1	2	1	1	1	150	31
2	8	1	1	1	1	1	1	150	26
2	6	1	1	1	1	1	1	150	22
2	5	1	1	1	1	1	1	150	35
2	10	1	1	1	1	1	1	150	26
2	11	2	1	2	1	1	1	150	46
2	14	2	2	1	1	1	1	50	21
2	2	2	2	2	1	1	1	50	32
2	4	2	1	1	1	1	1	150	27
2	18	2	1	2	1	1	1	150	40
2	15	2	1	1	1	1	1	150	12
2	17	2	2	1	2	1	1	50	22
2	16	2	1	1	1	1	1	150	18
2	13	2	1	1	1	1	1	150	12
3	16	1	1	2	2	2	1	10	24
3	6	1	1	1	1	2	1	10	70
3	3	1	2	1	1	2	1	10	87
3	4	1	2	2	2	2	1	10	59
3	8	1	2	2	2	2	1	10	25
3	2	1	1	1	2	2	1	10	48
3	18	1	1	1	1	2	1	10	23
3	13	1	2	1	2	2	1	10	17
3	14	1	1	2	2	2	1	10	26
3	17	2	2	2	1	2	2	150	33
3	5	2	2	1	2	2	2	150	21
3	1	2	1	1	1	2	2	50	37
3	15	2	1	2	2	2	2	50	29
3	9	2	1	2	2	2	2	50	29
3	10	2	1	2	2	2	2	50	24
3	11	2	1	1	2	2	2	50	60
3	12	2	1	2	2	2	2	50	25
3	7	2	1	2	2	2	2	50	23
4	18	1	1	2	1	1	1	150	15
4	17	1	1	1	2	1	1	150	23
4	2	1	1	1	1	1	1	150	19
4	11	1	2	2	2	1	1	50	70
4	5	1	2	2	2	1	1	50	98
4	8	1	1	2	1	1	1	150	28
4	3	1	2	1	1	1	1	50	35
4	15	1	2	1	1	1	1	50	30
4	14	1	1	1	1	1	1	150	69
4	9	2	2	1	1	1	1	50	15
4	7	2	2	1	1	1	1	50	26
4	12	2	2	1	1	1	1	50	72
4	1	2	2	2	1	1	1	50	15
4	6	2	2	1	1	1	1	50	23
4	10	2	2	1	1	1	1	50	16
4	16	2	1	2	2	1	1	150	44
4	4	2	1	1	1	1	1	150	24
4	13	2	1	1	1	1	1	150	9
5	12	1	1	1	1	1	1	150	43
5	5	1	2	1	1	1	1	50	47
5	17	1	1	2	1	1	1	150	27
5	8	1	1	2	1	1	1	150	43
5	3	1	2	2	2	1	1	50	85
5	6	1	1	1	1	1	1	150	53
5	16	1	2	2	2	1	1	50	21
5	11	1	1	1	1	1	1	150	85
5	2	1	1	2	1	1	1	150	60
5	9	2	2	2	2	2	2	150	28
5	15	2	1	1	2	2	2	50	47
5	18	2	1	2	1	2	2	50	25
5	10	2	1	1	2	2	2	50	15
5	1	2	1	2	2	2	2	50	20
5	4	2	2	1	2	2	2	150	41
5	13	2	2	1	2	2	2	150	24
5	7	2	2	2	2	2	2	150	15
5	14	2	1	2	2	2	2	50	82
6	15	1	2	1	1	1	1	50	17
6	7	1	1	1	1	1	1	150	19
6	1	1	2	1	1	1	1	50	11
6	6	1	2	1	1	1	1	50	19
6	13	1	1	1	1	1	1	150	31
6	5	1	1	1	1	1	1	150	16
6	17	1	1	1	1	1	1	150	35
6	16	1	2	2	2	1	1	50	20
6	12	1	1	1	1	1	1	150	37
6	3	2	1	1	2	2	2	50	28
6	18	2	2	1	2	2	2	150	22
6	4	2	2	2	2	2	2	150	26
6	10	2	1	2	2	2	2	50	24
6	14	2	2	1	1	2	2	150	36
6	2	2	2	2	2	2	2	150	38
6	8	2	1	1	2	2	2	50	28
6	9	2	1	2	2	2	2	50	49
6	11	2	2	2	2	2	2	150	48
7	4	1	2	1	2	2	2	150	23
7	18	1	2	2	2	2	2	150	17
7	2	1	1	2	2	2	2	50	28
7	5	1	1	2	2	2	2	50	20
7	7	1	1	2	2	2	2	50	15
7	10	1	2	2	2	2	2	150	13
7	15	1	2	1	2	2	2	150	21
7	11	1	1	2	2	2	2	50	28
7	13	1	1	1	1	2	2	50	24
7	6	2	2	1	1	1	1	50	59
7	16	2	1	2	2	1	1	150	18
7	12	2	2	2	2	1	1	50	28
7	17	2	1	2	2	1	1	150	21
7	9	2	1	1	1	1	1	150	24
7	14	2	2	1	1	1	1	50	22
7	8	2	2	2	1	1	1	50	33
7	1	2	2	1	1	1	1	50	13
7	3	2	2	1	1	1	1	50	31
8	10	1	1	1	1	1	1	150	17
8	8	1	2	1	1	1	1	50	13
8	16	1	2	1	1	1	1	50	19
8	9	1	1	1	1	1	1	150	14
8	14	1	1	1	1	1	1	150	15
8	12	1	2	1	1	1	1	50	23
8	2	1	2	1	1	1	1	50	17
8	15	1	2	1	1	1	1	50	13
8	4	1	1	1	1	1	1	150	12
8	1	2	1	2	2	2	2	50	19
8	13	2	2	2	2	2	2	150	17
8	17	2	2	2	2	2	2	150	33
8	3	2	2	2	2	2	2	150	19
8	6	2	1	1	2	2	2	50	22
8	5	2	1	1	2	2	2	50	24
8	11	2	2	2	2	2	2	150	37
8	7	2	2	2	2	2	2	150	28
8	18	2	2	2	2	2	2	150	15
9	12	1	1	1	2	2	2	50	33
9	4	1	2	2	2	2	2	150	27
9	8	1	2	2	2	2	2	150	46
9	16	1	1	2	2	2	2	50	34
9	13	1	1	1	1	2	2	50	28
9	17	1	2	1	1	2	2	150	17
9	2	1	1	2	2	2	2	50	31
9	7	1	2	1	1	2	2	150	43
9	10	1	2	2	2	2	2	150	25
9	9	2	1	2	2	2	2	50	33
9	1	2	2	1	2	2	2	150	13
9	14	2	1	1	1	2	2	50	26
9	18	2	2	2	2	2	2	150	11
9	5	2	2	2	2	2	2	150	23
9	6	2	1	1	2	2	2	50	27
9	11	2	1	2	2	2	2	50	36
9	3	2	2	2	2	2	2	150	14
9	15	2	2	2	2	2	2	150	24
10	5	1	2	1	1	1	1	50	22
10	6	1	1	2	1	1	1	150	19
10	3	1	2	2	1	1	1	50	14
10	13	1	1	1	1	1	1	150	22
10	17	1	1	1	1	1	1	150	18
10	8	1	1	1	1	1	1	150	20
10	11	1	1	1	1	1	1	150	22
10	2	1	2	1	1	1	1	50	22
10	16	1	2	1	1	1	1	50	22
10	12	2	2	2	2	2	2	150	30
10	14	2	1	2	2	2	2	50	17
10	7	2	2	2	2	2	2	150	19
10	1	2	2	1	2	2	2	150	15
10	4	2	2	2	2	2	2	150	25
10	10	2	1	2	2	2	2	50	18
10	15	2	2	2	2	2	2	150	19
10	9	2	2	1	1	2	2	150	39
10	18	2	2	1	2	2	2	150	14
11	8	1	2	1	1	1	1	50	13
11	1	1	1	1	1	1	1	150	13
11	14	1	1	1	1	1	1	150	13
11	2	1	1	2	1	1	1	150	16
11	5	1	1	1	1	1	1	150	15
11	6	1	2	1	1	1	1	50	22
11	18	1	1	1	1	1	1	150	11
11	9	1	2	1	1	1	1	50	20
11	4	1	2	2	1	1	1	50	21
11	15	2	1	1	1	1	2	10	21
11	16	2	2	2	1	1	2	10	32
11	7	2	2	1	1	1	2	10	24
11	13	2	2	1	2	1	2	10	23
11	11	2	1	1	2	1	2	10	49
11	10	2	2	2	1	1	2	10	21
11	17	2	1	1	1	1	2	10	23
11	12	2	1	2	2	1	2	10	63
11	3	2	2	2	2	1	2	10	50
12	11	1	1	2	2	2	2	50	24
12	16	1	2	2	2	2	2	150	22
12	2	1	1	2	2	2	2	50	17
12	15	1	2	2	2	2	2	150	15
12	4	1	1	2	2	2	2	50	19
12	5	1	2	2	2	2	2	150	15
12	10	1	2	1	2	2	2	150	13
12	1	1	1	1	2	2	2	50	15
12	12	1	2	2	2	2	2	150	20
12	7	2	1	1	1	1	1	150	11
12	9	2	2	1	1	1	1	50	27
12	17	2	2	1	1	1	1	50	14
12	6	2	2	1	1	1	1	50	15
12	3	2	1	1	1	1	1	150	10
12	13	2	2	1	2	1	1	50	12
12	8	2	1	1	1	1	1	150	10
12	18	2	1	1	1	1	1	150	8
12	14	2	1	1	1	1	1	150	15
13	4	1	2	1	1	1	2	10	30
13	3	1	2	1	1	1	2	10	16
13	6	1	1	2	1	1	2	10	29
13	5	1	2	1	1	1	2	10	21
13	9	1	2	1	1	1	2	10	27
13	17	1	1	2	1	1	2	10	18
13	1	1	2	2	1	1	2	10	23
13	16	1	1	1	1	1	2	10	24
13	10	1	1	2	1	1	2	10	26
13	8	2	1	2	1	1	1	150	19
13	15	2	2	1	1	1	1	50	24
13	2	2	2	1	1	1	1	50	22
13	11	2	1	2	1	1	1	150	35
13	13	2	1	1	1	1	1	150	18
13	12	2	1	1	1	1	1	150	39
13	18	2	1	1	1	1	1	150	11
13	14	2	1	2	2	1	1	150	17
13	7	2	2	1	1	1	1	50	26
14	1	1	2	2	2	2	2	150	14
14	18	1	2	1	2	2	2	150	11
14	5	1	1	2	2	2	2	50	28
14	14	1	2	2	2	2	2	150	10
14	13	1	1	2	1	2	2	50	12
14	11	1	2	2	2	2	2	150	34
14	3	1	1	2	2	2	2	50	13
14	4	1	1	2	2	2	2	50	15
14	15	1	2	1	2	2	2	150	13
14	9	2	1	1	1	1	1	150	26
14	16	2	1	1	1	1	1	150	19
14	17	2	2	2	2	1	1	50	14
14	7	2	2	1	1	1	1	50	23
14	8	2	2	1	1	1	1	50	30
14	12	2	2	1	1	1	1	50	31
14	6	2	1	1	1	1	1	150	29
14	2	2	2	2	1	1	1	50	28
14	10	2	1	2	1	1	1	150	18
15	18	1	2	1	2	1	1	50	15
15	2	1	2	1	1	1	1	50	22
15	6	1	2	2	1	1	1	50	21
15	17	1	1	1	1	1	1	150	14
15	14	1	1	1	1	1	1	150	11
15	8	1	2	1	1	1	1	50	22
15	10	1	1	1	1	1	1	150	11
15	13	1	1	1	1	1	1	150	14
15	11	1	2	2	1	1	1	50	29
15	4	2	1	1	1	1	1	150	28
15	9	2	1	1	1	1	1	150	20
15	16	2	1	2	1	1	1	150	48
15	1	2	2	1	1	1	1	50	14
15	15	2	2	1	1	1	1	50	14
15	7	2	2	1	1	1	1	50	34
15	12	2	2	1	1	1	1	50	36
15	3	2	2	1	1	1	1	50	15
15	5	2	1	1	1	1	1	150	22
