1	5	1	1	2	2	2	2	50	59
1	27	1	1	2	2	2	2	50	173
1	20	1	2	1	2	2	2	150	101
1	13	1	1	1	2	2	2	50	33
1	24	1	2	2	2	2	2	150	181
1	33	1	2	2	2	2	2	150	165
1	17	1	2	1	2	2	2	150	137
1	7	1	1	2	2	2	2	50	72
1	31	1	2	2	2	2	2	150	63
1	6	2	2	2	1	2	1	10	144
1	10	2	2	1	2	2	1	10	145
1	1	2	1	1	1	2	1	10	90
1	4	2	2	1	2	2	1	10	86
1	18	2	1	2	1	2	1	10	136
1	36	2	2	1	1	2	1	10	154
1	26	2	2	2	1	2	1	10	151
1	8	2	2	1	1	2	1	10	210
1	25	2	1	1	1	2	1	10	79
1	11	3	1	1	1	2	1	10	93
1	23	3	2	1	1	2	1	10	45
1	35	3	1	2	2	2	1	10	54
1	19	3	1	1	1	2	1	10	19
1	28	3	2	1	1	2	1	10	91
1	15	3	1	1	1	2	1	10	27
1	16	3	1	2	1	2	1	10	94
1	22	3	1	1	1	2	1	10	58
1	34	3	2	1	1	2	1	10	66
1	29	4	1	2	1	2	2	50	36
1	14	4	1	1	1	2	2	50	117
1	2	4	1	1	1	2	2	50	135
1	3	4	2	2	1	2	2	150	83
1	9	4	1	2	2	2	2	50	71
1	32	4	1	2	1	2	2	50	135
1	12	4	1	2	2	2	2	50	42
1	21	4	2	1	2	2	2	150	141
1	30	4	1	1	1	2	2	50	118
2	21	1	1	2	1	1	1	150	62
2	34	1	2	1	1	1	1	50	81
2	11	1	2	1	1	1	1	50	55
2	24	1	2	2	1	1	1	50	63
2	10	1	1	2	1	1	1	150	60
2	20	1	2	1	1	1	1	50	72
2	1	1	2	1	1	1	1	50	58
2	35	1	1	1	1	1	1	150	40
2	30	1	1	1	1	1	1	150	61
2	5	2	2	1	1	1	2	10	126
2	29	2	2	2	1	1	2	10	100
2	27	2	1	2	1	1	2	10	150
2	6	2	1	1	1	1	2	10	95
2	15	2	1	2	1	1	2	10	56
2	14	2	1	2	1	1	2	10	95
2	9	2	2	1	1	1	2	10	95
2	12	2	1	2	1	1	2	10	54
2	28	2	1	1	1	1	2	10	99
2	25	3	1	2	2	2	2	50	275
2	33	3	1	2	2	2	2	50	253
2	23	3	2	1	1	2	2	150	156
2	16	3	1	2	2	2	2	50	103
2	26	3	1	2	2	2	2	50	172
2	17	3	1	2	2	2	2	50	222
2	18	3	2	2	2	2	2	150	165
2	8	3	1	2	2	2	2	50	170
2	19	3	2	1	2	2	2	150	33
2	4	4	2	1	2	2	1	10	125
2	3	4	2	1	2	2	1	10	91
2	36	4	2	1	1	2	1	10	110
2	7	4	2	1	1	2	1	10	133
2	2	4	1	1	1	2	1	10	155
2	32	4	1	1	2	2	1	10	107
2	13	4	2	2	1	2	1	10	125
2	31	4	2	1	1	2	1	10	67
2	22	4	1	1	1	2	1	10	106
3	15	1	1	1	2	2	2	50	49
3	34	1	1	1	1	2	2	50	43
3	31	1	2	1	2	2	2	150	29
3	24	1	1	1	2	2	2	50	141
3	14	1	1	2	2	2	2	50	71
3	20	1	1	2	2	2	2	50	83
3	4	1	2	2	2	2	2	150	45
3	30	1	1	2	2	2	2	50	119
3	6	1	1	2	2	2	2	50	81
3	12	2	2	1	2	2	1	10	62
3	8	2	1	1	2	2	1	10	218
3	5	2	2	2	2	2	1	10	40
3	32	2	1	2	1	2	1	10	57
3	22	2	2	2	2	2	1	10	67
3	27	2	2	1	2	2	1	10	78
3	16	2	1	1	2	2	1	10	52
3	10	2	2	1	2	2	1	10	232
3	23	2	1	1	2	2	1	10	37
3	7	3	1	1	1	2	1	10	84
3	33	3	2	1	1	2	1	10	95
3	21	3	1	1	1	2	1	10	87
3	3	3	2	2	2	2	1	10	78
3	26	3	2	1	1	2	1	10	96
3	35	3	2	2	2	2	1	10	94
3	25	3	1	1	1	2	1	10	54
3	18	3	1	1	1	2	1	10	66
3	13	3	1	1	1	2	1	10	71
3	9	4	2	1	1	2	2	150	56
3	36	4	2	2	2	2	2	150	25
3	1	4	1	2	2	2	2	50	70
3	17	4	1	2	2	2	2	50	76
3	28	4	1	2	2	2	2	50	52
3	19	4	2	2	2	2	2	150	68
3	29	4	2	1	2	2	2	150	56
3	11	4	1	2	2	2	2	50	85
3	2	4	1	2	2	2	2	50	55
4	7	1	2	1	1	2	1	10	175
4	23	1	1	2	1	2	1	10	139
4	10	1	1	2	1	2	1	10	55
4	6	1	1	1	1	2	1	10	75
4	34	1	1	2	1	2	1	10	53
4	32	1	2	1	2	2	1	10	157
4	15	1	2	1	2	2	1	10	56
4	9	1	1	2	1	2	1	10	47
4	25	1	1	1	1	2	1	10	119
4	30	2	2	2	1	2	2	150	148
4	17	2	1	2	2	2	2	50	253
4	4	2	2	1	1	2	2	150	346
4	29	2	1	2	1	2	2	50	100
4	18	2	1	2	2	2	2	50	77
4	21	2	1	2	1	2	2	50	361
4	3	2	1	2	2	2	2	50	58
4	20	2	1	1	2	2	2	50	161
4	2	2	1	1	2	2	2	50	223
4	19	3	1	1	1	1	1	150	73
4	27	3	1	1	1	1	1	150	153
4	35	3	2	1	1	1	1	50	38
4	1	3	2	1	1	1	1	50	60
4	24	3	1	1	1	1	1	150	97
4	11	3	2	2	1	1	1	50	84
4	5	3	1	1	1	1	1	150	84
4	14	3	2	2	1	1	1	50	115
4	13	3	2	1	1	1	1	50	108
4	28	4	2	1	2	2	2	150	206
4	26	4	2	2	2	2	2	150	148
4	12	4	2	2	2	2	2	150	6
4	31	4	1	2	2	2	2	50	106
4	8	4	1	1	2	2	2	50	247
4	22	4	1	1	1	2	2	50	132
4	36	4	2	1	2	2	2	150	130
4	16	4	2	2	2	2	2	150	112
4	33	4	2	2	2	2	2	150	135
5	35	1	2	1	1	2	1	10	52
5	16	1	1	2	1	2	1	10	64
5	31	1	1	2	1	2	1	10	78
5	11	1	1	1	1	2	1	10	98
5	15	1	2	2	2	2	1	10	30
5	18	1	2	1	1	2	1	10	86
5	34	1	1	1	1	2	1	10	91
5	5	1	1	1	1	2	1	10	73
5	13	1	2	1	1	2	1	10	95
5	25	2	2	2	2	2	2	150	180
5	14	2	1	2	2	2	2	50	90
5	9	2	1	2	2	2	2	50	87
5	22	2	2	2	2	2	2	150	90
5	4	2	2	2	2	2	2	150	66
5	26	2	2	2	2	2	2	150	132
5	27	2	1	1	2	2	2	50	165
5	33	2	1	2	2	2	2	50	259
5	17	2	2	2	2	2	2	150	60
5	28	3	1	2	2	2	2	50	206
5	36	3	2	2	2	2	2	150	286
5	24	3	2	1	2	2	2	150	275
5	21	3	1	2	1	2	2	50	136
5	10	3	1	2	1	2	2	50	48
5	12	3	1	2	2	2	2	50	35
5	20	3	1	2	2	2	2	50	170
5	3	3	1	2	2	2	2	50	96
5	1	3	1	1	2	2	2	50	135
5	7	4	1	1	2	2	2	50	208
5	8	4	2	2	2	2	2	150	102
5	19	4	2	2	2	2	2	150	95
5	6	4	2	1	2	2	2	150	99
5	30	4	2	2	2	2	2	150	199
5	32	4	2	2	2	2	2	150	102
5	23	4	2	1	2	2	2	150	229
5	29	4	2	2	2	2	2	150	82
5	2	4	2	1	2	2	2	150	175
6	24	1	1	2	1	2	1	10	234
6	25	1	1	1	1	2	1	10	189
6	32	1	1	1	1	2	1	10	125
6	18	1	2	2	1	2	1	10	137
6	36	1	1	2	1	2	1	10	129
6	19	1	1	1	1	2	1	10	78
6	3	1	1	1	2	2	1	10	123
6	12	1	2	1	2	2	1	10	31
6	31	1	2	1	1	2	1	10	123
6	13	2	2	2	2	2	2	150	193
6	35	2	1	2	1	2	2	50	145
6	21	2	1	2	1	2	2	50	199
6	22	2	1	2	1	2	2	50	155
6	17	2	2	1	1	2	2	150	225
6	28	2	1	1	1	2	2	50	147
6	16	2	2	2	1	2	2	150	144
6	29	2	2	1	2	2	2	150	138
6	27	2	1	1	1	2	2	50	231
6	14	3	1	1	1	1	1	150	87
6	6	3	1	1	1	1	1	150	86
6	30	3	2	2	1	1	1	50	89
6	34	3	2	1	1	1	1	50	96
6	4	3	2	2	1	1	1	50	86
6	33	3	1	1	1	1	1	150	86
6	20	3	2	2	1	1	1	50	89
6	7	3	1	1	1	1	1	150	96
6	8	3	1	1	1	1	1	150	94
6	9	4	1	2	2	2	2	50	72
6	23	4	1	1	2	2	2	50	45
6	1	4	2	2	2	2	2	150	45
6	10	4	1	2	2	2	2	50	46
6	2	4	2	2	2	2	2	150	49
6	11	4	2	1	2	2	2	150	80
6	15	4	1	1	2	2	2	50	39
6	5	4	1	2	2	2	2	50	46
6	26	4	2	2	2	2	2	150	79
7	18	1	2	2	2	2	2	150	136
7	30	1	1	1	2	2	2	50	180
7	11	1	1	2	2	2	2	50	178
7	23	1	1	2	2	2	2	50	87
7	22	1	2	2	2	2	2	150	43
7	4	1	1	1	2	2	2	50	148
7	8	1	2	2	2	2	2	150	159
7	19	1	1	2	2	2	2	50	84
7	6	1	1	1	2	2	2	50	81
7	5	2	1	2	2	2	2	50	68
7	32	2	2	2	2	2	2	150	93
7	34	2	1	2	1	2	2	50	49
7	12	2	2	1	1	2	2	150	38
7	15	2	2	1	2	2	2	150	31
7	1	2	1	1	2	2	2	50	121
7	10	2	2	2	2	2	2	150	85
7	29	2	1	1	2	2	2	50	83
7	24	2	1	2	2	2	2	50	107
7	25	3	2	1	2	2	1	10	282
7	3	3	1	1	2	2	1	10	39
7	14	3	2	1	2	2	1	10	252
7	7	3	2	2	2	2	1	10	116
7	27	3	1	1	1	2	1	10	180
7	31	3	2	1	2	2	1	10	160
7	17	3	2	2	1	2	1	10	117
7	16	3	1	1	1	2	1	10	91
7	20	3	2	1	1	2	1	10	293
7	35	4	2	2	1	1	2	10	77
7	33	4	2	1	1	1	2	10	83
7	28	4	1	1	1	1	2	10	76
7	21	4	1	1	1	1	2	10	259
7	9	4	2	1	1	1	2	10	69
7	13	4	1	2	1	1	2	10	278
7	26	4	2	1	1	1	2	10	71
7	2	4	2	2	1	1	2	10	85
7	36	4	2	2	1	1	2	10	280
8	13	1	2	1	2	2	2	150	74
8	27	1	1	2	2	2	2	50	121
8	30	1	1	1	2	2	2	50	120
8	3	1	2	2	1	2	2	150	19
8	8	1	2	1	2	2	2	150	123
8	24	1	2	2	2	2	2	150	123
8	33	1	1	2	2	2	2	50	121
8	10	1	2	2	2	2	2	150	115
8	35	1	1	1	2	2	2	50	105
8	22	2	2	1	1	1	1	50	41
8	32	2	1	1	1	1	1	150	44
8	14	2	2	1	1	1	1	50	40
8	20	2	2	1	1	1	1	50	21
8	7	2	1	1	1	1	1	150	39
8	4	2	2	1	1	1	1	50	24
8	2	2	2	2	1	1	1	50	52
8	19	2	1	1	1	1	1	150	35
8	11	2	2	1	1	1	1	50	60
8	12	3	1	1	1	1	1	150	7
8	16	3	1	1	1	1	1	150	32
8	5	3	1	1	1	1	1	150	39
8	6	3	1	1	1	1	1	150	46
8	21	3	1	1	1	1	1	150	42
8	25	3	1	1	1	1	1	150	84
8	34	3	2	1	1	1	1	50	39
8	28	3	1	2	1	1	1	150	81
8	1	3	1	1	1	1	1	150	36
8	17	4	2	1	1	1	1	50	177
8	9	4	1	1	1	1	1	150	61
8	29	4	2	2	1	1	1	50	74
8	18	4	1	1	1	1	1	150	58
8	15	4	1	1	1	1	1	150	60
8	36	4	2	2	1	1	1	50	121
8	31	4	1	2	1	1	1	150	151
8	23	4	2	1	1	1	1	50	60
8	26	4	2	1	1	1	1	50	91
9	17	1	1	1	1	2	1	10	74
9	10	1	1	1	1	2	1	10	56
9	3	1	1	1	1	2	1	10	34
9	32	1	2	2	2	2	1	10	105
9	25	1	1	1	1	2	1	10	75
9	24	1	1	1	1	2	1	10	112
9	4	1	2	2	1	2	1	10	38
9	31	1	2	1	1	2	1	10	88
9	28	1	2	1	1	2	1	10	70
9	1	2	1	1	2	2	2	50	74
9	30	2	1	2	2	2	2	50	121
9	9	2	2	1	2	2	2	150	51
9	11	2	2	2	2	2	2	150	94
9	29	2	2	2	2	2	2	150	77
9	26	2	2	2	2	2	2	150	76
9	12	2	1	1	1	2	2	50	12
9	14	2	1	2	2	2	2	50	82
9	27	2	1	1	2	2	2	50	90
9	33	3	2	2	1	1	1	50	70
9	7	3	1	2	1	1	1	150	72
9	15	3	1	1	1	1	1	150	69
9	23	3	2	1	1	1	1	50	72
9	13	3	2	1	1	1	1	50	80
9	19	3	1	2	1	1	1	150	97
9	16	3	2	1	1	1	1	50	71
9	35	3	2	1	1	1	1	50	126
9	20	3	1	2	1	1	1	150	73
9	6	4	1	1	2	2	2	50	59
9	2	4	2	2	2	2	2	150	72
9	21	4	2	2	2	2	2	150	72
9	18	4	1	2	2	2	2	50	35
9	34	4	1	1	1	2	2	50	65
9	5	4	2	2	2	2	2	150	44
9	22	4	1	2	2	2	2	50	104
9	8	4	1	2	2	2	2	50	79
9	36	4	1	2	2	2	2	50	63
10	26	1	2	2	2	2	2	150	184
10	3	1	1	2	1	2	2	50	36
10	11	1	2	1	2	2	2	150	94
10	18	1	2	1	2	2	2	150	92
10	1	1	1	2	2	2	2	50	54
10	6	1	2	1	2	2	2	150	71
10	7	1	1	2	2	2	2	50	126
10	25	1	1	2	1	2	2	50	174
10	31	1	1	2	2	2	2	50	129
10	28	2	2	1	1	1	1	50	75
10	9	2	2	1	1	1	1	50	46
10	5	2	2	1	1	1	1	50	49
10	36	2	1	1	1	1	1	150	72
10	35	2	1	1	1	1	1	150	35
10	24	2	2	2	1	1	1	50	118
10	16	2	1	1	1	1	1	150	35
10	19	2	2	1	1	1	1	50	34
10	33	2	1	1	1	1	1	150	51
10	12	3	2	1	1	1	1	50	21
10	14	3	1	1	1	1	1	150	91
10	13	3	1	1	1	1	1	150	56
10	34	3	1	1	1	1	1	150	37
10	22	3	1	2	1	1	1	150	45
10	15	3	2	1	1	1	1	50	39
10	17	3	1	1	1	1	1	150	165
10	4	3	2	1	1	1	1	50	58
10	20	3	1	1	1	1	1	150	77
10	8	4	1	2	1	1	2	10	208
10	10	4	1	2	1	1	2	10	108
10	30	4	1	2	1	1	2	10	193
10	29	4	2	2	1	1	2	10	107
10	32	4	2	1	1	1	2	10	147
10	2	4	2	1	1	1	2	10	206
10	23	4	1	2	1	1	2	10	100
10	21	4	1	1	1	1	2	10	193
10	27	4	1	1	1	1	2	10	212
11	21	1	1	2	1	1	1	150	34
11	31	1	2	1	1	1	1	50	117
11	9	1	2	1	1	1	1	50	56
11	7	1	1	2	1	1	1	150	39
11	25	1	1	1	1	1	1	150	87
11	2	1	2	2	1	1	1	50	62
11	16	1	2	1	1	1	1	50	56
11	27	1	2	1	1	1	1	50	64
11	32	1	1	1	1	1	1	150	40
11	8	2	1	2	1	1	1	150	75
11	17	2	1	1	1	1	1	150	84
11	23	2	1	1	1	1	1	150	91
11	6	2	1	1	1	1	1	150	84
11	28	2	2	1	1	1	1	50	67
11	19	2	2	1	1	1	1	50	51
11	26	2	1	1	1	1	1	150	124
11	12	2	2	1	1	1	1	50	7
11	24	2	2	2	1	1	1	50	163
11	3	3	2	2	1	1	1	50	17
11	5	3	2	1	1	1	1	50	56
11	13	3	2	1	1	1	1	50	68
11	14	3	2	1	1	1	1	50	171
11	15	3	2	1	1	1	1	50	33
11	34	3	2	2	1	1	1	50	59
11	11	3	1	1	1	1	1	150	80
11	22	3	2	2	1	1	1	50	56
11	33	3	1	2	1	1	1	150	46
11	36	4	2	1	2	2	1	10	182
11	1	4	2	1	2	2	1	10	44
11	35	4	1	2	2	2	1	10	62
11	18	4	1	2	2	2	1	10	150
11	4	4	1	1	2	2	1	10	144
11	30	4	2	2	2	2	1	10	141
11	20	4	1	1	2	2	1	10	125
11	10	4	2	2	2	2	1	10	174
11	29	4	2	1	2	2	1	10	52
12	3	1	1	1	1	2	1	10	24
12	36	1	1	1	1	2	1	10	33
12	23	1	2	2	1	2	1	10	36
12	27	1	2	1	1	2	1	10	40
12	16	1	2	1	1	2	1	10	32
12	5	1	1	1	1	2	1	10	32
12	11	1	2	1	1	2	1	10	75
12	32	1	2	1	2	2	1	10	68
12	33	1	2	1	1	2	1	10	39
12	8	2	2	2	2	2	2	150	71
12	15	2	2	1	2	2	2	150	33
12	12	2	1	2	2	2	2	50	5
12	17	2	1	2	2	2	2	50	61
12	18	2	2	1	2	2	2	150	55
12	29	2	1	2	2	2	2	50	37
12	9	2	1	2	2	2	2	50	35
12	10	2	2	2	2	2	2	150	59
12	31	2	2	2	2	2	2	150	70
12	20	3	1	1	1	1	1	150	33
12	26	3	1	2	1	1	1	150	47
12	2	3	2	1	1	1	1	50	66
12	19	3	1	1	1	1	1	150	68
12	14	3	2	2	1	1	1	50	60
12	7	3	1	1	1	1	1	150	46
12	34	3	1	1	1	1	1	150	34
12	28	3	2	1	1	1	1	50	50
12	6	3	1	2	1	1	1	150	65
12	1	4	1	1	2	2	1	10	108
12	13	4	2	2	2	2	1	10	26
12	35	4	2	2	2	2	1	10	99
12	24	4	2	2	2	2	1	10	229
12	21	4	1	1	1	2	1	10	211
12	25	4	2	1	2	2	1	10	222
12	30	4	2	2	2	2	1	10	116
12	22	4	1	2	2	2	1	10	85
12	4	4	2	1	2	2	1	10	106
13	18	1	1	2	1	2	1	10	75
13	10	1	1	1	1	2	1	10	63
13	30	1	1	1	1	2	1	10	80
13	14	1	1	1	1	2	1	10	57
13	22	1	2	1	1	2	1	10	80
13	12	1	2	2	2	2	1	10	33
13	29	1	1	1	1	2	1	10	57
13	25	1	2	2	1	2	1	10	64
13	4	1	1	1	1	2	1	10	72
13	9	2	1	1	2	2	2	50	56
13	19	2	2	2	2	2	2	150	75
13	34	2	1	2	1	2	2	50	43
13	28	2	1	2	2	2	2	50	61
13	24	2	1	2	2	2	2	50	84
13	7	2	2	2	2	2	2	150	76
13	6	2	1	1	2	2	2	50	54
13	27	2	1	2	2	2	2	50	56
13	17	2	2	1	2	2	2	150	118
13	1	3	1	1	2	2	2	50	29
13	2	3	1	2	2	2	2	50	39
13	20	3	1	2	2	2	2	50	32
13	26	3	1	2	2	2	2	50	51
13	32	3	1	2	2	2	2	50	41
13	33	3	2	2	2	2	2	150	33
13	11	3	2	2	2	2	2	150	30
13	3	3	2	1	2	2	2	150	4
13	15	3	2	1	2	2	2	150	29
13	13	4	1	2	2	2	2	50	19
13	36	4	1	2	2	2	2	50	42
13	8	4	1	2	2	2	2	50	103
13	31	4	2	2	2	2	2	150	138
13	21	4	1	1	2	2	2	50	63
13	35	4	1	1	2	2	2	50	44
13	23	4	2	2	2	2	2	150	40
13	16	4	1	2	2	2	2	50	25
13	5	4	1	2	2	2	2	50	25
14	32	1	1	1	1	1	1	150	78
14	31	1	2	1	1	1	1	50	111
14	14	1	1	2	1	1	1	150	84
14	10	1	2	1	1	1	1	50	53
14	1	1	2	1	1	1	1	50	53
14	4	1	2	1	1	1	1	50	74
14	19	1	2	1	1	1	1	50	90
14	36	1	2	2	1	1	1	50	111
14	22	1	2	1	1	1	1	50	92
14	34	2	2	2	1	2	2	150	98
14	18	2	2	1	2	2	2	150	121
14	21	2	1	2	2	2	2	50	122
14	6	2	2	2	2	2	2	150	23
14	13	2	2	2	2	2	2	150	20
14	20	2	1	2	2	2	2	50	30
14	24	2	1	2	2	2	2	50	133
14	23	2	1	2	2	2	2	50	144
14	30	2	1	2	2	2	2	50	31
14	35	3	2	2	1	2	2	150	184
14	9	3	2	1	1	2	2	150	176
14	27	3	2	2	1	2	2	150	245
14	2	3	2	2	2	2	2	150	314
14	29	3	1	1	1	2	2	50	101
14	25	3	1	2	1	2	2	50	271
14	28	3	1	1	1	2	2	50	239
14	3	3	1	1	2	2	2	50	7
14	11	3	1	2	1	2	2	50	252
14	15	4	2	2	2	2	2	150	92
14	8	4	1	1	1	2	2	50	273
14	17	4	1	1	1	2	2	50	344
14	33	4	2	2	1	2	2	150	337
14	26	4	2	2	2	2	2	150	318
14	12	4	2	2	1	2	2	150	347
14	5	4	1	2	2	2	2	50	111
14	16	4	2	1	1	2	2	150	134
14	7	4	2	1	2	2	2	150	97
15	20	1	2	1	2	2	2	150	26
15	21	1	1	2	1	2	2	50	81
15	31	1	2	2	2	2	2	150	116
15	7	1	2	2	2	2	2	150	66
15	3	1	1	2	1	2	2	50	9
15	9	1	1	2	2	2	2	50	58
15	19	1	1	2	2	2	2	50	105
15	27	1	1	2	2	2	2	50	43
15	25	1	2	1	2	2	2	150	65
15	22	2	2	2	2	2	2	150	26
15	10	2	1	2	2	2	2	50	24
15	18	2	1	2	2	2	2	50	62
15	15	2	1	2	2	2	2	50	22
15	1	2	1	2	2	2	2	50	26
15	36	2	2	2	2	2	2	150	57
15	34	2	2	2	1	2	2	150	27
15	26	2	1	2	2	2	2	50	64
15	12	2	2	2	2	2	2	150	24
15	13	3	2	1	2	2	2	150	21
15	30	3	2	1	2	2	2	150	54
15	33	3	1	2	2	2	2	50	58
15	17	3	1	2	2	2	2	50	33
15	11	3	1	2	2	2	2	50	95
15	5	3	1	2	2	2	2	50	34
15	28	3	2	2	2	2	2	150	36
15	14	3	1	2	2	2	2	50	30
15	6	3	2	2	2	2	2	150	21
15	29	4	1	1	1	2	1	10	88
15	8	4	2	2	1	2	1	10	109
15	16	4	1	2	1	2	1	10	38
15	35	4	2	2	1	2	1	10	82
15	24	4	1	1	1	2	1	10	123
15	4	4	2	1	1	2	1	10	101
15	2	4	1	1	1	2	1	10	78
15	23	4	1	2	1	2	1	10	101
15	32	4	2	1	2	2	1	10	44
