1	18	1	1	1	1	1	1	150	55
1	7	1	1	2	1	1	1	150	133
1	12	1	2	2	1	1	1	50	72
1	9	1	1	1	1	1	1	150	162
1	4	1	2	1	1	1	1	50	67
1	11	1	2	2	1	1	1	50	154
1	14	1	2	1	2	1	1	50	14
1	2	1	2	1	1	1	1	50	67
1	13	1	1	2	1	1	1	150	20
1	6	2	2	1	2	2	1	10	46
1	17	2	1	1	2	2	1	10	236
1	5	2	1	2	2	2	1	10	249
1	15	2	2	2	2	2	1	10	94
1	16	2	1	2	2	2	1	10	261
1	8	2	1	1	2	2	1	10	255
1	10	2	2	2	2	2	1	10	89
1	3	2	2	1	2	2	1	10	85
1	1	2	2	1	1	2	1	10	235
2	4	1	2	1	1	1	1	50	276
2	14	1	1	1	1	1	1	150	247
2	13	1	2	1	1	1	1	50	82
2	16	1	2	2	2	1	1	50	311
2	12	1	1	1	1	1	1	150	39
2	18	1	1	1	1	1	1	150	248
2	5	1	2	1	1	1	1	50	316
2	15	1	2	1	1	1	1	50	273
2	11	1	2	2	2	1	1	50	329
2	1	2	2	1	1	1	1	50	66
2	6	2	1	2	1	1	1	150	133
2	7	2	2	1	1	1	1	50	115
2	8	2	2	1	1	1	1	50	112
2	3	2	1	1	1	1	1	150	71
2	9	2	1	1	1	1	1	150	131
2	10	2	2	2	2	1	1	50	68
2	17	2	1	1	1	1	1	150	108
2	2	2	1	1	1	1	1	150	125
3	4	1	2	2	2	2	1	10	207
3	9	1	1	2	2	2	1	10	209
3	5	1	2	1	2	2	1	10	203
3	7	1	2	2	2	2	1	10	203
3	15	1	1	1	2	2	1	10	256
3	2	1	2	1	2	2	1	10	239
3	13	1	1	2	2	2	1	10	199
3	14	1	2	1	2	2	1	10	181
3	18	1	2	2	2	2	1	10	207
3	10	2	1	1	2	1	1	150	70
3	11	2	1	2	1	1	1	150	98
3	8	2	1	1	1	1	1	150	68
3	3	2	1	1	1	1	1	150	80
3	6	2	1	1	1	1	1	150	81
3	17	2	2	1	1	1	1	50	62
3	12	2	1	2	1	1	1	150	82
3	16	2	2	2	1	1	1	50	83
3	1	2	2	1	1	1	1	50	85
4	3	1	1	1	1	1	1	150	82
4	6	1	2	1	1	1	1	50	94
4	11	1	1	1	1	1	1	150	76
4	5	1	2	1	1	1	1	50	50
4	15	1	2	2	1	1	1	50	144
4	7	1	2	1	1	1	1	50	31
4	16	1	2	1	1	1	1	50	38
4	14	1	1	1	1	1	1	150	43
4	17	1	1	1	1	1	1	150	25
4	10	2	1	2	2	2	2	50	80
4	8	2	1	2	2	2	2	50	105
4	13	2	2	2	2	2	2	150	105
4	12	2	1	1	2	2	2	50	49
4	4	2	1	2	2	2	2	50	72
4	18	2	2	1	1	2	2	150	114
4	2	2	2	2	2	2	2	150	79
4	1	2	2	1	2	2	2	150	95
4	9	2	1	2	2	2	2	50	107
5	10	1	2	1	2	1	1	50	77
5	12	1	2	2	1	1	1	50	41
5	11	1	2	2	2	1	1	50	127
5	3	1	2	1	1	1	1	50	62
5	13	1	1	1	1	1	1	150	98
5	8	1	2	1	1	1	1	50	113
5	6	1	1	1	1	1	1	150	112
5	2	1	2	1	1	1	1	50	87
5	4	1	1	2	1	1	1	150	101
5	14	2	2	2	2	2	2	150	141
5	18	2	1	1	1	2	2	50	182
5	17	2	1	2	2	2	2	50	254
5	1	2	2	2	2	2	2	150	241
5	7	2	1	2	2	2	2	50	252
5	5	2	2	1	2	2	2	150	255
5	9	2	2	1	2	2	2	150	258
5	15	2	1	1	2	2	2	50	280
5	16	2	1	1	2	2	2	50	255
6	18	1	2	1	1	2	2	150	175
6	14	1	2	2	2	2	2	150	47
6	15	1	1	1	2	2	2	50	115
6	17	1	2	2	2	2	2	150	40
6	13	1	1	2	2	2	2	50	78
6	7	1	2	2	2	2	2	150	77
6	3	1	1	2	2	2	2	50	46
6	10	1	2	2	2	2	2	150	82
6	1	1	1	2	2	2	2	50	64
6	6	2	1	2	2	2	2	50	46
6	2	2	1	2	2	2	2	50	64
6	4	2	2	1	2	2	2	150	42
6	12	2	1	2	2	2	2	50	35
6	11	2	1	2	1	2	2	50	87
6	9	2	1	2	2	2	2	50	50
6	16	2	1	2	2	2	2	50	52
6	5	2	2	2	2	2	2	150	48
6	8	2	1	2	2	2	2	50	45
7	3	1	2	1	1	1	1	50	45
7	12	1	2	1	1	1	1	50	29
7	2	1	1	1	1	1	1	150	52
7	11	1	1	2	1	1	1	150	56
7	6	1	2	1	1	1	1	50	39
7	16	1	2	1	1	1	1	50	43
7	17	1	1	1	1	1	1	150	21
7	9	1	1	1	1	1	1	150	86
7	14	1	2	2	1	1	1	50	43
7	10	2	2	2	1	1	1	50	138
7	5	2	2	1	1	1	1	50	168
7	8	2	1	2	1	1	1	150	136
7	4	2	1	2	1	1	1	150	132
7	7	2	1	1	1	1	1	150	117
7	1	2	2	1	1	1	1	50	125
7	13	2	2	2	1	1	1	50	128
7	15	2	1	1	1	1	1	150	186
7	18	2	1	1	1	1	1	150	130
8	11	1	2	1	2	1	1	50	169
8	18	1	1	1	1	1	1	150	152
8	5	1	1	1	1	1	1	150	145
8	16	1	1	1	1	1	1	150	133
8	6	1	2	2	1	1	1	50	146
8	1	1	1	2	1	1	1	150	146
8	3	1	2	1	1	1	1	50	148
8	12	1	1	1	1	1	1	150	156
8	17	1	1	1	1	1	1	150	135
8	10	2	1	2	2	2	2	50	69
8	13	2	2	2	2	2	2	150	66
8	14	2	2	2	2	2	2	150	52
8	2	2	1	2	2	2	2	50	71
8	15	2	1	2	2	2	2	50	81
8	7	2	2	1	2	2	2	150	59
8	4	2	2	2	2	2	2	150	68
8	9	2	2	1	2	2	2	150	65
8	8	2	2	1	2	2	2	150	71
9	5	1	1	2	1	1	1	150	105
9	7	1	1	1	1	1	1	150	88
9	8	1	1	1	1	1	1	150	103
9	18	1	1	2	1	1	1	150	107
9	13	1	1	2	1	1	1	150	103
9	17	1	1	2	1	1	1	150	85
9	6	1	2	1	1	1	1	50	100
9	1	1	2	1	2	1	1	50	110
9	10	1	2	1	1	1	1	50	96
9	11	2	1	2	2	2	2	50	186
9	15	2	1	2	2	2	2	50	222
9	4	2	2	1	2	2	2	150	183
9	3	2	1	2	2	2	2	50	126
9	9	2	2	2	2	2	2	150	192
9	12	2	2	2	2	2	2	150	89
9	16	2	1	2	2	2	2	50	95
9	14	2	2	2	2	2	2	150	87
9	2	2	1	2	2	2	2	50	188
10	5	1	2	2	2	2	2	150	183
10	16	1	1	2	2	2	2	50	175
10	18	1	1	1	2	2	2	50	184
10	12	1	2	1	2	2	2	150	197
10	9	1	2	2	2	2	2	150	176
10	4	1	1	1	2	2	2	50	188
10	6	1	2	1	2	2	2	150	163
10	14	1	1	2	1	2	2	50	126
10	17	1	1	2	2	2	2	50	151
10	7	2	1	1	2	2	2	50	131
10	2	2	2	2	2	2	2	150	138
10	11	2	2	2	2	2	2	150	186
10	1	2	1	1	1	2	2	50	114
10	15	2	1	1	1	2	2	50	235
10	10	2	2	2	2	2	2	150	119
10	13	2	2	2	2	2	2	150	147
10	8	2	2	1	2	2	2	150	129
10	3	2	2	2	2	2	2	150	150
11	12	1	2	2	2	2	2	150	121
11	2	1	2	1	2	2	2	150	147
11	17	1	2	2	2	2	2	150	112
11	18	1	2	1	2	2	2	150	197
11	4	1	1	2	2	2	2	50	120
11	7	1	2	2	2	2	2	150	114
11	16	1	1	1	2	2	2	50	137
11	8	1	1	2	2	2	2	50	128
11	9	1	2	2	2	2	2	150	125
11	3	2	1	2	2	2	1	10	78
11	15	2	1	2	2	2	1	10	85
11	13	2	2	1	2	2	1	10	88
11	11	2	2	2	2	2	1	10	101
11	10	2	1	2	2	2	1	10	79
11	6	2	1	2	2	2	1	10	74
11	14	2	2	1	2	2	1	10	71
11	5	2	2	1	2	2	1	10	86
11	1	2	2	2	2	2	1	10	79
12	17	1	2	2	1	1	1	50	56
12	3	1	2	1	1	1	1	50	61
12	14	1	2	1	1	1	1	50	74
12	16	1	2	1	1	1	1	50	58
12	1	1	1	1	1	1	1	150	59
12	12	1	2	1	1	1	1	50	49
12	2	1	1	1	1	1	1	150	63
12	13	1	2	1	1	1	1	50	70
12	6	1	2	1	1	1	1	50	85
12	9	2	2	1	2	2	2	150	177
12	8	2	2	2	2	2	2	150	157
12	11	2	1	2	2	2	2	50	191
12	15	2	1	2	2	2	2	50	206
12	18	2	1	2	2	2	2	50	170
12	10	2	2	2	2	2	2	150	157
12	4	2	1	1	2	2	2	50	154
12	7	2	1	2	2	2	2	50	155
12	5	2	1	2	2	2	2	50	169
13	4	1	2	1	2	2	2	150	63
13	7	1	1	2	2	2	2	50	69
13	11	1	1	1	2	2	2	50	99
13	15	1	1	2	2	2	2	50	103
13	5	1	2	1	2	2	2	150	73
13	13	1	2	2	2	2	2	150	71
13	14	1	1	2	1	2	2	50	55
13	18	1	1	1	2	2	2	50	122
13	1	1	2	2	2	2	2	150	66
13	16	2	1	2	2	2	2	50	39
13	3	2	1	2	2	2	2	50	51
13	17	2	2	2	2	2	2	150	35
13	8	2	1	2	2	2	2	50	61
13	12	2	2	2	2	2	2	150	33
13	10	2	2	1	2	2	2	150	42
13	6	2	2	2	2	2	2	150	45
13	2	2	2	1	2	2	2	150	51
13	9	2	1	2	2	2	2	50	39
14	5	1	1	2	2	2	2	50	68
14	8	1	2	2	2	2	2	150	47
14	18	1	1	2	2	2	2	50	92
14	4	1	2	2	2	2	2	150	63
14	10	1	2	2	2	2	2	150	60
14	3	1	1	2	2	2	2	50	64
14	15	1	2	1	2	2	2	150	106
14	1	1	1	2	2	2	2	50	55
14	6	1	1	2	2	2	2	50	49
14	9	2	2	1	2	2	1	10	114
14	14	2	2	1	2	2	1	10	90
14	12	2	1	1	1	2	1	10	49
14	2	2	2	1	1	2	1	10	131
14	7	2	1	1	1	2	1	10	78
14	17	2	2	1	1	2	1	10	51
14	16	2	2	1	1	2	1	10	147
14	13	2	1	1	1	2	1	10	118
14	11	2	2	1	2	2	1	10	147
15	14	1	1	1	2	1	1	150	101
15	4	1	2	1	1	1	1	50	130
15	7	1	1	2	1	1	1	150	129
15	11	1	1	1	1	1	1	150	134
15	2	1	2	2	1	1	1	50	140
15	15	1	1	1	1	1	1	150	190
15	10	1	1	1	1	1	1	150	116
15	8	1	2	1	1	1	1	50	150
15	17	1	2	1	1	1	1	50	101
15	3	2	2	2	2	2	2	150	77
15	13	2	2	1	2	2	2	150	72
15	18	2	2	2	2	2	2	150	76
15	5	2	1	2	2	2	2	50	82
15	6	2	1	2	2	2	2	50	65
15	1	2	2	2	2	2	2	150	50
15	9	2	1	1	2	2	2	50	55
15	16	2	1	1	2	2	2	50	73
15	12	2	2	2	2	2	2	150	87
