1	10	1	0	2	2	2	1	10	4
1	3	1	0	1	2	2	1	10	7
1	1	1	0	1	2	2	1	10	15
1	15	1	0	2	2	2	1	10	7
1	20	1	0	1	1	2	1	10	7
1	9	1	0	1	1	2	1	10	11
1	14	1	0	2	2	2	1	10	9
1	17	1	0	1	1	2	1	10	7
1	12	1	0	2	2	2	1	10	12
1	13	2	0	2	2	2	1	10	4
1	25	2	0	1	2	2	1	10	31
1	22	2	0	1	1	2	1	10	57
1	26	2	0	2	2	2	1	10	6
1	5	2	0	1	2	2	1	10	13
1	19	2	0	1	1	2	1	10	17
1	23	2	0	2	2	2	1	10	21
1	27	2	0	1	1	2	1	10	12
1	21	2	0	2	1	2	1	10	12
1	8	3	0	1	1	2	1	10	10
1	16	3	0	1	1	2	1	10	20
1	18	3	0	1	2	2	1	10	25
1	6	3	0	1	1	2	1	10	12
1	4	3	0	1	1	2	1	10	37
1	11	3	0	2	2	2	1	10	7
1	7	3	0	2	2	2	1	10	15
1	2	3	0	2	2	2	1	10	11
1	24	3	0	1	1	2	1	10	12
2	21	1	0	1	1	1	2	10	22
2	4	1	0	1	1	1	2	10	14
2	11	1	0	2	2	1	2	10	6
2	18	1	0	1	2	1	2	10	19
2	6	1	0	1	1	1	2	10	8
2	25	1	0	2	1	1	2	10	33
2	5	1	0	1	1	1	2	10	29
2	8	1	0	1	1	1	2	10	7
2	10	1	0	1	1	1	2	10	3
2	23	2	0	2	2	1	1	100	26
2	2	2	0	2	2	1	1	100	8
2	27	2	0	1	1	1	1	100	37
2	1	2	0	1	1	1	1	100	14
2	26	2	0	1	1	1	1	100	22
2	14	2	0	1	1	1	1	100	4
2	20	2	0	1	1	1	1	100	4
2	9	2	0	1	1	1	1	100	8
2	16	2	0	1	1	1	1	100	19
2	24	3	0	2	2	2	2	100	6
2	22	3	0	2	1	2	2	100	78
2	19	3	0	1	2	2	2	100	45
2	7	3	0	1	1	2	2	100	6
2	17	3	0	2	2	2	2	100	6
2	13	3	0	1	1	2	2	100	10
2	12	3	0	1	1	2	2	100	7
2	15	3	0	1	1	2	2	100	6
2	3	3	0	1	1	2	2	100	10
3	19	1	0	2	1	2	2	100	19
3	5	1	0	1	1	2	2	100	8
3	25	1	0	2	2	2	2	100	20
3	10	1	0	2	2	2	2	100	4
3	2	1	0	2	2	2	2	100	6
3	18	1	0	2	2	2	2	100	7
3	24	1	0	2	2	2	2	100	7
3	4	1	0	2	1	2	2	100	11
3	17	1	0	1	1	2	2	100	10
3	12	2	0	1	2	2	1	10	19
3	1	2	0	2	1	2	1	10	8
3	7	2	0	1	1	2	1	10	7
3	8	2	0	1	1	2	1	10	6
3	6	2	0	1	2	2	1	10	7
3	3	2	0	1	1	2	1	10	15
3	9	2	0	1	2	2	1	10	4
3	14	2	0	1	1	2	1	10	4
3	16	2	0	1	2	2	1	10	5
3	15	3	0	2	2	2	2	100	11
3	26	3	0	2	2	2	2	100	9
3	22	3	0	2	2	2	2	100	109
3	13	3	0	2	2	2	2	100	7
3	21	3	0	2	1	2	2	100	17
3	11	3	0	1	1	2	2	100	4
3	20	3	0	2	2	2	2	100	10
3	27	3	0	1	1	2	2	100	8
3	23	3	0	2	1	2	2	100	14
4	25	1	0	2	1	2	2	100	10
4	14	1	0	1	1	2	2	100	3
4	5	1	0	2	2	2	2	100	7
4	17	1	0	2	2	2	2	100	12
4	13	1	0	2	2	2	2	100	4
4	21	1	0	1	1	2	2	100	43
4	20	1	0	2	2	2	2	100	6
4	16	1	0	2	2	2	2	100	9
4	4	1	0	1	1	2	2	100	14
4	22	2	0	1	1	2	2	100	13
4	27	2	0	1	1	2	2	100	27
4	9	2	0	2	2	2	2	100	8
4	10	2	0	2	2	2	2	100	3
4	19	2	0	1	1	2	2	100	10
4	1	2	0	2	1	2	2	100	5
4	2	2	0	2	2	2	2	100	6
4	7	2	0	2	2	2	2	100	7
4	11	2	0	2	1	2	2	100	11
4	18	3	0	1	1	1	1	100	6
4	26	3	0	1	1	1	1	100	8
4	6	3	0	1	1	1	1	100	3
4	15	3	0	1	1	1	1	100	4
4	12	3	0	1	1	1	1	100	4
4	23	3	0	1	1	1	1	100	49
4	24	3	0	1	1	1	1	100	6
4	3	3	0	2	2	1	1	100	6
4	8	3	0	1	1	1	1	100	3
5	23	1	0	2	2	2	2	100	18
5	21	1	0	2	2	2	2	100	39
5	16	1	0	2	1	2	2	100	10
5	4	1	0	2	2	2	2	100	6
5	22	1	0	1	1	2	2	100	11
5	10	1	0	2	2	2	2	100	4
5	12	1	0	2	2	2	2	100	7
5	24	1	0	1	1	2	2	100	6
5	27	1	0	2	2	2	2	100	19
5	15	2	0	2	2	2	2	100	3
5	26	2	0	1	1	2	2	100	7
5	5	2	0	2	2	2	2	100	4
5	11	2	0	1	1	2	2	100	6
5	7	2	0	2	1	2	2	100	3
5	20	2	0	2	2	2	2	100	20
5	18	2	0	2	2	2	2	100	14
5	14	2	0	2	2	2	2	100	7
5	13	2	0	1	1	2	2	100	4
5	1	3	0	2	1	2	2	100	4
5	17	3	0	2	1	2	2	100	11
5	8	3	0	2	2	2	2	100	12
5	3	3	0	2	2	2	2	100	5
5	2	3	0	2	2	2	2	100	3
5	9	3	0	2	2	2	2	100	3
5	6	3	0	1	1	2	2	100	4
5	19	3	0	1	2	2	2	100	10
5	25	3	0	2	1	2	2	100	19
6	2	1	0	1	1	2	1	10	4
6	27	1	0	2	2	2	1	10	15
6	14	1	0	1	1	2	1	10	3
6	25	1	0	1	1	2	1	10	8
6	7	1	0	1	1	2	1	10	4
6	8	1	0	1	1	2	1	10	8
6	6	1	0	2	2	2	1	10	6
6	19	1	0	2	2	2	1	10	7
6	22	1	0	1	1	2	1	10	31
6	5	2	0	1	1	2	2	100	4
6	9	2	0	2	2	2	2	100	4
6	16	2	0	2	2	2	2	100	23
6	13	2	0	2	2	2	2	100	4
6	20	2	0	2	2	2	2	100	7
6	17	2	0	2	2	2	2	100	9
6	11	2	0	1	2	2	2	100	6
6	3	2	0	2	1	2	2	100	5
6	10	2	0	2	2	2	2	100	4
6	18	3	0	1	1	1	1	100	4
6	15	3	0	2	2	1	1	100	3
6	23	3	0	1	1	1	1	100	19
6	12	3	0	1	2	1	1	100	7
6	26	3	0	1	1	1	1	100	5
6	21	3	0	1	1	1	1	100	26
6	1	3	0	1	1	1	1	100	3
6	24	3	0	1	1	1	1	100	8
6	4	3	0	1	1	1	1	100	15
7	9	1	0	1	1	1	1	100	2
7	8	1	0	1	1	1	1	100	3
7	17	1	0	2	1	1	1	100	7
7	14	1	0	1	1	1	1	100	3
7	22	1	0	2	2	1	1	100	15
7	1	1	0	1	1	1	1	100	5
7	20	1	0	1	1	1	1	100	6
7	7	1	0	2	1	1	1	100	8
7	26	1	0	1	1	1	1	100	10
7	21	2	0	1	2	2	1	10	10
7	5	2	0	1	1	2	1	10	9
7	11	2	0	1	1	2	1	10	5
7	10	2	0	1	1	2	1	10	3
7	24	2	0	1	1	2	1	10	4
7	4	2	0	1	1	2	1	10	6
7	6	2	0	1	1	2	1	10	7
7	23	2	0	2	2	2	1	10	14
7	18	2	0	2	2	2	1	10	3
7	15	3	0	2	2	2	2	100	2
7	19	3	0	1	1	2	2	100	9
7	13	3	0	2	2	2	2	100	4
7	3	3	0	2	2	2	2	100	4
7	27	3	0	1	1	2	2	100	14
7	25	3	0	1	2	2	2	100	17
7	2	3	0	2	2	2	2	100	11
7	16	3	0	1	1	2	2	100	18
7	12	3	0	2	2	2	2	100	6
8	7	1	0	2	1	2	2	100	3
8	21	1	0	2	2	2	2	100	28
8	15	1	0	1	1	2	2	100	2
8	27	1	0	2	2	2	2	100	11
8	26	1	0	2	2	2	2	100	9
8	14	1	0	2	2	2	2	100	3
8	8	1	0	2	2	2	2	100	5
8	19	1	0	2	2	2	2	100	13
8	5	1	0	2	2	2	2	100	5
8	25	2	0	1	2	2	1	10	15
8	4	2	0	1	1	2	1	10	11
8	12	2	0	2	1	2	1	10	8
8	3	2	0	1	1	2	1	10	4
8	17	2	0	1	2	2	1	10	7
8	9	2	0	1	1	2	1	10	3
8	2	2	0	2	2	2	1	10	6
8	24	2	0	1	1	2	1	10	6
8	1	2	0	1	1	2	1	10	8
8	23	3	0	2	2	2	2	100	42
8	10	3	0	1	1	2	2	100	2
8	6	3	0	2	2	2	2	100	20
8	13	3	0	2	2	2	2	100	5
8	18	3	0	2	2	2	2	100	8
8	11	3	0	2	1	2	2	100	9
8	16	3	0	2	2	2	2	100	28
8	22	3	0	1	2	2	2	100	31
8	20	3	0	2	2	2	2	100	4
9	10	1	0	1	1	2	1	10	7
9	12	1	0	2	2	2	1	10	4
9	15	1	0	1	1	2	1	10	2
9	18	1	0	1	1	2	1	10	5
9	21	1	0	1	1	2	1	10	21
9	1	1	0	1	2	2	1	10	4
9	11	1	0	2	2	2	1	10	3
9	14	1	0	2	2	2	1	10	2
9	23	1	0	1	1	2	1	10	11
9	7	2	0	1	1	2	1	10	3
9	8	2	0	1	1	2	1	10	3
9	24	2	0	1	1	2	1	10	2
9	17	2	0	1	1	2	1	10	8
9	3	2	0	2	2	2	1	10	2
9	26	2	0	1	1	2	1	10	5
9	5	2	0	1	1	2	1	10	3
9	25	2	0	2	2	2	1	10	12
9	4	2	0	2	2	2	1	10	10
9	20	3	0	1	1	1	1	100	4
9	19	3	0	1	1	1	1	100	11
9	22	3	0	2	1	1	1	100	25
9	16	3	0	2	2	1	1	100	10
9	6	3	0	1	1	1	1	100	6
9	13	3	0	2	2	1	1	100	3
9	2	3	0	1	1	1	1	100	2
9	9	3	0	1	1	1	1	100	3
9	27	3	0	1	1	1	1	100	4
10	12	1	0	2	2	2	2	100	3
10	24	1	0	2	2	2	2	100	5
10	7	1	0	2	1	2	2	100	12
10	23	1	0	1	1	2	2	100	9
10	21	1	0	2	2	2	2	100	20
10	6	1	0	1	1	2	2	100	7
10	17	1	0	1	2	2	2	100	9
10	19	1	0	1	1	2	2	100	14
10	20	1	0	2	2	2	2	100	4
10	5	2	0	2	2	2	2	100	3
10	27	2	0	2	2	2	2	100	10
10	15	2	0	2	2	2	2	100	3
10	11	2	0	1	1	2	2	100	6
10	10	2	0	2	2	2	2	100	2
10	26	2	0	1	1	2	2	100	9
10	25	2	0	2	1	2	2	100	8
10	8	2	0	2	2	2	2	100	5
10	9	2	0	2	2	2	2	100	3
10	18	3	0	2	2	2	2	100	7
10	13	3	0	2	2	2	2	100	6
10	16	3	0	2	2	2	2	100	8
10	2	3	0	2	2	2	2	100	3
10	14	3	0	2	2	2	2	100	2
10	3	3	0	2	1	2	2	100	2
10	4	3	0	2	2	2	2	100	8
10	22	3	0	2	2	2	2	100	53
10	1	3	0	2	1	2	2	100	4
11	12	1	0	1	1	1	1	100	3
11	18	1	0	1	1	1	1	100	4
11	24	1	0	1	1	1	1	100	4
11	17	1	0	2	1	1	1	100	7
11	23	1	0	1	1	1	1	100	11
11	25	1	0	1	1	1	1	100	8
11	22	1	0	2	2	1	1	100	32
11	4	1	0	2	2	1	1	100	8
11	2	1	0	1	1	1	1	100	2
11	15	2	0	1	1	2	1	10	3
11	16	2	0	1	1	2	1	10	5
11	11	2	0	1	2	2	1	10	7
11	14	2	0	2	2	2	1	10	3
11	21	2	0	1	1	2	1	10	15
11	6	2	0	2	2	2	1	10	3
11	26	2	0	1	1	2	1	10	13
11	9	2	0	2	2	2	1	10	3
11	27	2	0	2	2	2	1	10	9
11	7	3	0	1	1	2	2	100	2
11	3	3	0	2	2	2	2	100	2
11	10	3	0	2	2	2	2	100	3
11	19	3	0	2	2	2	2	100	6
11	1	3	0	1	1	2	2	100	7
11	8	3	0	2	2	2	2	100	3
11	13	3	0	2	2	2	2	100	4
11	20	3	0	2	2	2	2	100	8
11	5	3	0	2	2	2	2	100	4
12	18	1	0	1	1	1	1	100	5
12	11	1	0	1	1	1	1	100	5
12	4	1	0	1	1	1	1	100	7
12	2	1	0	2	2	1	1	100	3
12	6	1	0	1	1	1	1	100	2
12	16	1	0	1	1	1	1	100	7
12	3	1	0	1	1	1	1	100	3
12	25	1	0	1	1	1	1	100	16
12	13	1	0	1	1	1	1	100	4
12	15	2	0	2	2	2	2	100	4
12	20	2	0	2	2	2	2	100	6
12	17	2	0	2	2	2	2	100	9
12	10	2	0	2	2	2	2	100	3
12	1	2	0	1	1	2	2	100	3
12	9	2	0	2	2	2	2	100	3
12	8	2	0	1	1	2	2	100	10
12	19	2	0	2	2	2	2	100	6
12	12	2	0	1	1	2	2	100	3
12	26	3	0	1	2	2	1	10	10
12	24	3	0	2	2	2	1	10	4
12	23	3	0	2	2	2	1	10	13
12	21	3	0	2	2	2	1	10	8
12	5	3	0	1	1	2	1	10	7
12	22	3	0	1	1	2	1	10	19
12	27	3	0	1	1	2	1	10	3
12	7	3	0	1	1	2	1	10	3
12	14	3	0	1	1	2	1	10	3
13	14	1	0	1	1	1	1	100	3
13	20	1	0	1	1	1	1	100	7
13	21	1	0	2	2	1	1	100	21
13	24	1	0	1	1	1	1	100	6
13	19	1	0	1	1	1	1	100	8
13	1	1	0	1	1	1	1	100	9
13	3	1	0	2	2	1	1	100	4
13	25	1	0	1	1	1	1	100	14
13	26	1	0	1	1	1	1	100	9
13	2	2	0	1	1	2	1	10	2
13	7	2	0	2	1	2	1	10	4
13	22	2	0	1	1	2	1	10	17
13	9	2	0	2	2	2	1	10	3
13	16	2	0	2	2	2	1	10	10
13	6	2	0	2	2	2	1	10	3
13	23	2	0	2	2	2	1	10	17
13	13	2	0	2	2	2	1	10	4
13	15	2	0	2	2	2	1	10	3
13	12	3	0	1	1	2	1	10	4
13	27	3	0	1	1	2	1	10	13
13	8	3	0	2	2	2	1	10	4
13	17	3	0	2	1	2	1	10	9
13	10	3	0	2	2	2	1	10	2
13	11	3	0	1	1	2	1	10	4
13	4	3	0	2	2	2	1	10	4
13	5	3	0	1	1	2	1	10	6
13	18	3	0	1	1	2	1	10	4
14	11	1	0	2	2	2	2	100	4
14	26	1	0	2	2	2	2	100	10
14	12	1	0	2	2	2	2	100	4
14	7	1	0	1	1	2	2	100	2
14	17	1	0	2	2	2	2	100	9
14	24	1	0	1	1	2	2	100	5
14	16	1	0	1	1	2	2	100	7
14	15	1	0	2	2	2	2	100	7
14	10	1	0	1	1	2	2	100	2
14	9	2	0	2	2	2	1	10	2
14	23	2	0	1	1	2	1	10	4
14	3	2	0	1	2	2	1	10	6
14	5	2	0	1	1	2	1	10	7
14	18	2	0	1	1	2	1	10	10
14	4	2	0	2	2	2	1	10	11
14	20	2	0	1	1	2	1	10	14
14	13	2	0	1	1	2	1	10	6
14	2	2	0	2	2	2	1	10	4
14	25	3	0	1	1	2	2	100	15
14	21	3	0	2	1	2	2	100	22
14	6	3	0	1	1	2	2	100	4
14	1	3	0	2	1	2	2	100	7
14	14	3	0	2	2	2	2	100	3
14	22	3	0	2	1	2	2	100	16
14	19	3	0	2	2	2	2	100	12
14	27	3	0	2	2	2	2	100	14
14	8	3	0	1	1	2	2	100	4
15	4	1	0	1	1	2	2	100	10
15	25	1	0	2	1	2	2	100	14
15	19	1	0	2	2	2	2	100	11
15	17	1	0	2	1	2	2	100	7
15	26	1	0	2	2	2	2	100	6
15	3	1	0	2	2	2	2	100	2
15	21	1	0	2	2	2	2	100	14
15	10	1	0	2	2	2	2	100	2
15	13	1	0	2	2	2	2	100	4
15	27	2	0	2	2	2	2	100	10
15	16	2	0	2	2	2	2	100	7
15	6	2	0	2	2	2	2	100	7
15	18	2	0	1	1	2	2	100	6
15	15	2	0	1	1	2	2	100	2
15	20	2	0	1	1	2	2	100	11
15	1	2	0	2	1	2	2	100	6
15	7	2	0	2	1	2	2	100	2
15	23	2	0	2	2	2	2	100	5
15	22	3	0	1	2	2	2	100	30
15	2	3	0	2	2	2	2	100	3
15	5	3	0	2	1	2	2	100	3
15	12	3	0	2	2	2	2	100	3
15	9	3	0	2	2	2	2	100	3
15	24	3	0	1	1	2	2	100	4
15	8	3	0	2	2	2	2	100	5
15	14	3	0	2	2	2	2	100	3
15	11	3	0	2	2	2	2	100	3
