1	10	1	0	2	2	2	2	100	78
1	3	1	0	2	2	2	2	100	29
1	1	1	0	1	2	2	2	100	54
1	15	1	0	2	2	2	2	100	59
1	20	1	0	1	2	2	2	100	39
1	9	1	0	1	1	2	2	100	17
1	14	1	0	2	2	2	2	100	61
1	17	1	0	2	2	2	2	100	60
1	12	1	0	2	2	2	2	100	61
1	13	2	0	2	2	2	2	100	39
1	25	2	0	1	2	2	2	100	51
1	22	2	0	2	2	2	2	100	50
1	26	2	0	2	2	2	2	100	34
1	5	2	0	2	2	2	2	100	50
1	19	2	0	1	2	2	2	100	48
1	23	2	0	1	1	2	2	100	30
1	27	2	0	2	2	2	2	100	12
1	21	2	0	2	2	2	2	100	49
1	8	3	0	1	1	2	2	100	145
1	16	3	0	2	2	2	2	100	43
1	18	3	0	2	1	2	2	100	182
1	6	3	0	2	2	2	2	100	52
1	4	3	0	2	1	2	2	100	53
1	11	3	0	2	1	2	2	100	188
1	7	3	0	1	1	2	2	100	142
1	2	3	0	2	1	2	2	100	184
1	24	3	0	2	2	2	2	100	38
2	21	1	0	2	1	1	1	100	26
2	4	1	0	1	1	1	1	100	43
2	11	1	0	2	1	1	1	100	48
2	18	1	0	1	1	1	1	100	44
2	6	1	0	1	1	1	1	100	26
2	25	1	0	1	1	1	1	100	34
2	5	1	0	1	1	1	1	100	26
2	8	1	0	1	1	1	1	100	33
2	10	1	0	1	1	1	1	100	28
2	23	2	0	2	2	2	1	10	32
2	2	2	0	1	1	2	1	10	71
2	27	2	0	1	1	2	1	10	44
2	1	2	0	1	1	2	1	10	56
2	26	2	0	2	2	2	1	10	46
2	14	2	0	1	1	2	1	10	65
2	20	2	0	2	1	2	1	10	43
2	9	2	0	1	1	2	1	10	60
2	16	2	0	2	2	2	1	10	17
2	24	3	0	2	2	2	2	100	20
2	22	3	0	2	2	2	2	100	41
2	19	3	0	2	2	2	2	100	50
2	7	3	0	2	2	2	2	100	30
2	17	3	0	1	2	2	2	100	46
2	13	3	0	1	2	2	2	100	49
2	12	3	0	1	2	2	2	100	62
2	15	3	0	2	2	2	2	100	40
2	3	3	0	2	2	2	2	100	23
3	19	1	0	1	2	2	2	100	40
3	5	1	0	1	2	2	2	100	49
3	25	1	0	1	2	2	2	100	41
3	10	1	0	2	2	2	2	100	55
3	2	1	0	1	2	2	2	100	45
3	18	1	0	2	2	2	2	100	49
3	24	1	0	1	1	2	2	100	28
3	4	1	0	2	2	2	2	100	43
3	17	1	0	2	1	2	2	100	79
3	12	2	0	2	2	2	2	100	32
3	1	2	0	1	2	2	2	100	24
3	7	2	0	2	2	2	2	100	16
3	8	2	0	2	2	2	2	100	20
3	6	2	0	2	2	2	2	100	18
3	3	2	0	2	2	2	2	100	19
3	9	2	0	2	2	2	2	100	21
3	14	2	0	2	2	2	2	100	29
3	16	2	0	2	2	2	2	100	15
3	15	3	0	2	2	2	2	100	56
3	26	3	0	2	2	2	2	100	28
3	22	3	0	1	2	2	2	100	60
3	13	3	0	2	2	2	2	100	31
3	21	3	0	1	2	2	2	100	51
3	11	3	0	1	2	2	2	100	71
3	20	3	0	1	2	2	2	100	57
3	27	3	0	2	2	2	2	100	33
3	23	3	0	2	1	2	2	100	39
4	25	1	0	1	1	1	1	100	30
4	14	1	0	1	1	1	1	100	33
4	5	1	0	2	1	1	1	100	27
4	17	1	0	1	1	1	1	100	14
4	13	1	0	1	1	1	1	100	37
4	21	1	0	1	1	1	1	100	20
4	20	1	0	1	1	1	1	100	25
4	16	1	0	1	1	1	1	100	26
4	4	1	0	2	1	1	1	100	37
4	22	2	0	2	2	2	2	100	24
4	27	2	0	2	2	2	2	100	22
4	9	2	0	1	2	2	2	100	23
4	10	2	0	2	2	2	2	100	29
4	19	2	0	2	2	2	2	100	21
4	1	2	0	2	2	2	2	100	21
4	2	2	0	2	2	2	2	100	27
4	7	2	0	1	2	2	2	100	21
4	11	2	0	2	2	2	2	100	32
4	18	3	0	2	1	1	1	100	27
4	26	3	0	1	1	1	1	100	22
4	6	3	0	1	1	1	1	100	12
4	15	3	0	1	1	1	1	100	21
4	12	3	0	2	1	1	1	100	20
4	23	3	0	1	1	1	1	100	24
4	24	3	0	1	1	1	1	100	21
4	3	3	0	1	1	1	1	100	16
4	8	3	0	1	1	1	1	100	21
5	23	1	0	1	1	1	2	10	26
5	21	1	0	2	1	1	2	10	21
5	16	1	0	2	1	1	2	10	26
5	4	1	0	1	1	1	2	10	33
5	22	1	0	1	1	1	2	10	44
5	10	1	0	1	1	1	2	10	36
5	12	1	0	1	1	1	2	10	22
5	24	1	0	1	1	1	2	10	22
5	27	1	0	2	1	1	2	10	21
5	15	2	0	2	1	1	1	100	58
5	26	2	0	1	1	1	1	100	49
5	5	2	0	1	1	1	1	100	47
5	11	2	0	2	1	1	1	100	61
5	7	2	0	1	1	1	1	100	48
5	20	2	0	1	1	1	1	100	52
5	18	2	0	2	1	1	1	100	51
5	14	2	0	1	1	1	1	100	67
5	13	2	0	1	1	1	1	100	55
5	1	3	0	2	1	1	2	10	39
5	17	3	0	2	1	1	2	10	108
5	8	3	0	2	1	1	2	10	97
5	3	3	0	1	1	1	2	10	104
5	2	3	0	1	1	1	2	10	97
5	9	3	0	2	1	1	2	10	39
5	6	3	0	2	2	1	2	10	71
5	19	3	0	1	1	1	2	10	97
5	25	3	0	1	1	1	2	10	97
6	2	1	0	2	2	2	2	100	38
6	27	1	0	2	2	2	2	100	83
6	14	1	0	2	2	2	2	100	107
6	25	1	0	1	2	2	2	100	59
6	7	1	0	1	2	2	2	100	40
6	8	1	0	1	2	2	2	100	91
6	6	1	0	2	2	2	2	100	93
6	19	1	0	2	2	2	2	100	90
6	22	1	0	1	2	2	2	100	93
6	5	2	0	2	2	2	2	100	55
6	9	2	0	2	2	2	2	100	75
6	16	2	0	1	2	2	2	100	76
6	13	2	0	2	2	2	2	100	67
6	20	2	0	2	2	2	2	100	47
6	17	2	0	1	2	2	2	100	75
6	11	2	0	1	2	2	2	100	104
6	3	2	0	2	2	2	2	100	75
6	10	2	0	1	2	2	2	100	106
6	18	3	0	1	1	1	1	100	140
6	15	3	0	1	1	1	1	100	80
6	23	3	0	2	1	1	1	100	36
6	12	3	0	2	1	1	1	100	123
6	26	3	0	2	1	1	1	100	56
6	21	3	0	1	1	1	1	100	25
6	1	3	0	1	1	1	1	100	73
6	24	3	0	1	1	1	1	100	15
6	4	3	0	1	1	1	1	100	98
7	9	1	0	2	2	2	2	100	77
7	8	1	0	2	2	2	2	100	89
7	17	1	0	1	2	2	2	100	86
7	14	1	0	1	2	2	2	100	101
7	22	1	0	1	2	2	2	100	81
7	1	1	0	2	2	2	2	100	70
7	20	1	0	1	2	2	2	100	66
7	7	1	0	2	2	2	2	100	69
7	26	1	0	2	2	2	2	100	55
7	21	2	0	1	1	1	1	100	26
7	5	2	0	2	1	1	1	100	22
7	11	2	0	1	1	1	1	100	39
7	10	2	0	1	1	1	1	100	23
7	24	2	0	1	1	1	1	100	29
7	4	2	0	2	1	1	1	100	57
7	6	2	0	1	1	1	1	100	32
7	23	2	0	1	1	1	1	100	23
7	18	2	0	1	1	1	1	100	43
7	15	3	0	1	1	1	1	100	18
7	19	3	0	1	1	1	1	100	17
7	13	3	0	1	1	1	1	100	23
7	3	3	0	1	1	1	1	100	12
7	27	3	0	1	1	1	1	100	21
7	25	3	0	1	1	1	1	100	17
7	2	3	0	1	1	1	1	100	17
7	16	3	0	1	1	1	1	100	20
7	12	3	0	1	1	1	1	100	22
8	7	1	0	1	1	1	1	100	17
8	21	1	0	2	1	1	1	100	25
8	15	1	0	1	1	1	1	100	29
8	27	1	0	1	1	1	1	100	25
8	26	1	0	2	1	1	1	100	35
8	14	1	0	1	1	1	1	100	30
8	8	1	0	1	1	1	1	100	27
8	19	1	0	2	1	1	1	100	28
8	5	1	0	1	1	1	1	100	21
8	25	2	0	1	1	1	1	100	16
8	4	2	0	1	1	1	1	100	25
8	12	2	0	1	1	1	1	100	16
8	3	2	0	1	1	1	1	100	13
8	17	2	0	2	1	1	1	100	16
8	9	2	0	1	1	1	1	100	21
8	2	2	0	2	1	1	1	100	20
8	24	2	0	1	1	1	1	100	23
8	1	2	0	1	1	1	1	100	21
8	23	3	0	1	2	2	2	100	31
8	10	3	0	2	2	2	2	100	33
8	6	3	0	2	2	2	2	100	31
8	13	3	0	2	2	2	2	100	32
8	18	3	0	2	2	2	2	100	29
8	11	3	0	1	2	2	2	100	34
8	16	3	0	2	2	2	2	100	25
8	22	3	0	1	2	2	2	100	39
8	20	3	0	2	2	2	2	100	31
9	10	1	0	2	1	1	1	100	24
9	12	1	0	1	1	1	1	100	15
9	15	1	0	1	1	1	1	100	32
9	18	1	0	1	1	1	1	100	25
9	21	1	0	1	1	1	1	100	18
9	1	1	0	1	1	1	1	100	15
9	11	1	0	1	1	1	1	100	22
9	14	1	0	1	1	1	1	100	24
9	23	1	0	1	1	1	1	100	17
9	7	2	0	1	2	2	2	100	61
9	8	2	0	2	2	2	2	100	124
9	24	2	0	2	2	2	2	100	29
9	17	2	0	1	2	2	2	100	98
9	3	2	0	2	2	2	2	100	33
9	26	2	0	2	2	2	2	100	29
9	5	2	0	2	2	2	2	100	45
9	25	2	0	1	2	2	2	100	125
9	4	2	0	1	2	2	2	100	119
9	20	3	0	2	2	2	1	10	33
9	19	3	0	2	2	2	1	10	37
9	22	3	0	1	2	2	1	10	37
9	16	3	0	1	2	2	1	10	38
9	6	3	0	1	2	2	1	10	37
9	13	3	0	2	2	2	1	10	31
9	2	3	0	2	2	2	1	10	36
9	9	3	0	2	2	2	1	10	35
9	27	3	0	1	2	2	1	10	53
10	12	1	0	2	2	2	2	100	14
10	24	1	0	2	2	2	2	100	15
10	7	1	0	2	2	2	2	100	15
10	23	1	0	2	2	2	2	100	18
10	21	1	0	2	2	2	2	100	17
10	6	1	0	2	2	2	2	100	19
10	17	1	0	2	2	2	2	100	17
10	19	1	0	2	2	2	2	100	21
10	20	1	0	1	2	2	2	100	23
10	5	2	0	2	2	2	2	100	25
10	27	2	0	2	2	2	2	100	26
10	15	2	0	2	2	2	2	100	17
10	11	2	0	1	2	2	2	100	25
10	10	2	0	2	2	2	2	100	23
10	26	2	0	2	2	2	2	100	19
10	25	2	0	2	2	2	2	100	20
10	8	2	0	2	2	2	2	100	19
10	9	2	0	2	2	2	2	100	23
10	18	3	0	2	2	2	2	100	68
10	13	3	0	2	2	2	2	100	22
10	16	3	0	1	2	2	2	100	49
10	2	3	0	1	2	2	2	100	23
10	14	3	0	2	2	2	2	100	50
10	3	3	0	2	2	2	2	100	15
10	4	3	0	2	2	2	2	100	35
10	22	3	0	2	2	2	2	100	46
10	1	3	0	2	2	2	2	100	23
11	12	1	0	1	1	1	1	100	18
11	18	1	0	1	1	1	1	100	56
11	24	1	0	1	1	1	1	100	37
11	17	1	0	1	1	1	1	100	47
11	23	1	0	1	1	1	1	100	53
11	25	1	0	2	1	1	1	100	52
11	22	1	0	2	1	1	1	100	52
11	4	1	0	2	1	1	1	100	58
11	2	1	0	2	1	1	1	100	47
11	15	2	0	1	1	1	1	100	30
11	16	2	0	1	1	1	1	100	28
11	11	2	0	1	1	1	1	100	24
11	14	2	0	1	1	1	1	100	28
11	21	2	0	1	1	1	1	100	26
11	6	2	0	2	1	1	1	100	31
11	26	2	0	1	1	1	1	100	24
11	9	2	0	1	1	1	1	100	23
11	27	2	0	2	1	1	1	100	71
11	7	3	0	1	1	1	1	100	12
11	3	3	0	1	1	1	1	100	14
11	10	3	0	2	1	1	1	100	26
11	19	3	0	2	1	1	1	100	40
11	1	3	0	1	1	1	1	100	15
11	8	3	0	1	1	1	1	100	22
11	13	3	0	1	1	1	1	100	19
11	20	3	0	1	1	1	1	100	23
11	5	3	0	2	1	1	1	100	20
12	18	1	0	1	1	1	1	100	24
12	11	1	0	1	1	1	1	100	42
12	4	1	0	1	1	1	1	100	25
12	2	1	0	1	1	1	1	100	33
12	6	1	0	1	1	1	1	100	25
12	16	1	0	1	1	1	1	100	44
12	3	1	0	2	1	1	1	100	24
12	25	1	0	2	1	1	1	100	21
12	13	1	0	2	1	1	1	100	22
12	15	2	0	1	1	1	1	100	17
12	20	2	0	2	1	1	1	100	26
12	17	2	0	1	1	1	1	100	17
12	10	2	0	1	1	1	1	100	22
12	1	2	0	1	1	1	1	100	20
12	9	2	0	2	1	1	1	100	21
12	8	2	0	1	1	1	1	100	23
12	19	2	0	1	1	1	1	100	21
12	12	2	0	1	1	1	1	100	16
12	26	3	0	2	1	1	1	100	30
12	24	3	0	2	1	1	1	100	24
12	23	3	0	1	1	1	1	100	28
12	21	3	0	1	1	1	1	100	18
12	5	3	0	1	1	1	1	100	22
12	22	3	0	1	1	1	1	100	35
12	27	3	0	1	1	1	1	100	14
12	7	3	0	2	1	1	1	100	23
12	14	3	0	1	1	1	1	100	31
13	14	1	0	1	1	1	1	100	26
13	20	1	0	1	1	1	1	100	30
13	21	1	0	1	1	1	1	100	28
13	24	1	0	1	1	1	1	100	22
13	19	1	0	1	1	1	1	100	29
13	1	1	0	2	1	1	1	100	28
13	3	1	0	2	1	1	1	100	18
13	25	1	0	1	1	1	1	100	27
13	26	1	0	1	1	1	1	100	27
13	2	2	0	2	2	2	2	100	28
13	7	2	0	2	2	2	2	100	21
13	22	2	0	1	2	2	2	100	44
13	9	2	0	2	2	2	2	100	60
13	16	2	0	2	2	2	2	100	25
13	6	2	0	1	2	2	2	100	37
13	23	2	0	2	2	2	2	100	28
13	13	2	0	2	2	2	2	100	29
13	15	2	0	1	2	2	2	100	43
13	12	3	0	1	1	1	1	100	21
13	27	3	0	1	1	1	1	100	23
13	8	3	0	1	1	1	1	100	28
13	17	3	0	1	1	1	1	100	21
13	10	3	0	1	1	1	1	100	28
13	11	3	0	2	1	1	1	100	29
13	4	3	0	1	1	1	1	100	30
13	5	3	0	2	1	1	1	100	17
13	18	3	0	1	1	1	1	100	28
14	10	1	0	1	1	1	1	100	19
14	3	1	0	1	1	1	1	100	9
14	1	1	0	1	1	1	1	100	24
14	15	1	0	1	1	1	1	100	15
14	20	1	0	1	1	1	1	100	23
14	9	1	0	1	1	1	1	100	15
14	14	1	0	2	1	1	1	100	15
14	17	1	0	1	1	1	1	100	25
14	12	1	0	1	1	1	1	100	22
14	13	2	0	2	2	2	2	100	45
14	25	2	0	2	2	2	2	100	41
14	22	2	0	1	2	2	2	100	49
14	26	2	0	1	2	2	2	100	35
14	5	2	0	1	2	2	2	100	47
14	19	2	0	2	2	2	2	100	60
14	23	2	0	2	2	2	2	100	49
14	27	2	0	2	2	2	2	100	46
14	21	2	0	1	2	2	2	100	67
14	8	3	0	1	1	1	1	100	25
14	16	3	0	2	1	1	1	100	22
14	18	3	0	1	1	1	1	100	16
14	6	3	0	2	1	1	1	100	13
14	4	3	0	1	1	1	1	100	20
14	11	3	0	1	1	1	1	100	14
14	7	3	0	1	1	1	1	100	23
14	2	3	0	1	1	1	1	100	20
14	24	3	0	2	1	1	1	100	21
15	21	1	0	1	1	1	1	100	14
15	4	1	0	1	1	1	1	100	15
15	11	1	0	1	1	1	1	100	11
15	18	1	0	1	1	1	1	100	13
15	6	1	0	1	1	1	1	100	13
15	25	1	0	1	1	1	1	100	10
15	5	1	0	1	1	1	1	100	14
15	8	1	0	2	1	1	1	100	13
15	10	1	0	1	1	1	1	100	14
15	23	2	0	1	1	1	1	100	20
15	2	2	0	1	1	1	1	100	16
15	27	2	0	1	1	1	1	100	11
15	1	2	0	1	1	1	1	100	27
15	26	2	0	1	1	1	1	100	13
15	14	2	0	1	1	1	1	100	17
15	20	2	0	2	1	1	1	100	22
15	9	2	0	1	1	1	1	100	13
15	16	2	0	2	1	1	1	100	17
15	24	3	0	1	2	2	2	100	29
15	22	3	0	2	2	2	2	100	22
15	19	3	0	1	2	2	2	100	50
15	7	3	0	1	2	2	2	100	30
15	17	3	0	1	2	2	2	100	29
15	13	3	0	2	2	2	2	100	33
15	12	3	0	2	2	2	2	100	29
15	15	3	0	2	2	2	2	100	36
15	3	3	0	2	2	2	2	100	41
16	19	1	0	1	2	2	2	100	23
16	5	1	0	2	2	2	2	100	15
16	25	1	0	2	2	2	2	100	11
16	10	1	0	2	2	2	2	100	19
16	2	1	0	2	2	2	2	100	25
16	18	1	0	2	2	2	2	100	16
16	24	1	0	2	2	2	2	100	17
16	4	1	0	2	2	2	2	100	19
16	17	1	0	2	2	2	2	100	20
16	12	2	0	2	2	2	2	100	19
16	1	2	0	2	2	2	2	100	28
16	7	2	0	2	2	2	2	100	20
16	8	2	0	2	2	2	2	100	18
16	6	2	0	1	2	2	2	100	15
16	3	2	0	2	2	2	2	100	19
16	9	2	0	2	2	2	2	100	16
16	14	2	0	1	2	2	2	100	22
16	16	2	0	2	2	2	2	100	22
16	15	3	0	2	2	2	2	100	30
16	26	3	0	1	2	2	2	100	27
16	22	3	0	2	2	2	2	100	25
16	13	3	0	2	2	2	2	100	39
16	21	3	0	2	2	2	2	100	32
16	11	3	0	2	2	2	2	100	23
16	20	3	0	2	2	2	2	100	37
16	27	3	0	1	2	2	2	100	23
16	23	3	0	1	2	2	2	100	27
17	25	1	0	2	2	2	2	100	12
17	14	1	0	1	2	2	2	100	16
17	5	1	0	2	2	2	2	100	17
17	17	1	0	1	2	2	2	100	19
17	13	1	0	2	2	2	2	100	15
17	21	1	0	2	2	2	2	100	18
17	20	1	0	1	2	2	2	100	18
17	16	1	0	2	2	2	2	100	26
17	4	1	0	2	2	2	2	100	17
17	22	2	0	2	2	2	2	100	21
17	27	2	0	2	2	2	2	100	15
17	9	2	0	1	2	2	2	100	19
17	10	2	0	2	2	2	2	100	20
17	19	2	0	1	2	2	2	100	26
17	1	2	0	2	2	2	2	100	22
17	2	2	0	1	2	2	2	100	17
17	7	2	0	2	2	2	2	100	17
17	11	2	0	2	2	2	2	100	13
17	18	3	0	1	1	1	1	100	19
17	26	3	0	1	1	1	1	100	18
17	6	3	0	1	1	1	1	100	20
17	15	3	0	2	1	1	1	100	19
17	12	3	0	2	1	1	1	100	25
17	23	3	0	1	1	1	1	100	48
17	24	3	0	1	1	1	1	100	19
17	3	3	0	2	1	1	1	100	45
17	8	3	0	1	1	1	1	100	23
18	23	1	0	2	2	2	2	100	16
18	21	1	0	2	2	2	2	100	21
18	16	1	0	1	2	2	2	100	17
18	4	1	0	2	2	2	2	100	17
18	22	1	0	2	2	2	2	100	13
18	10	1	0	2	2	2	2	100	17
18	12	1	0	2	2	2	2	100	20
18	24	1	0	2	2	2	2	100	15
18	27	1	0	2	2	2	2	100	14
18	15	2	0	1	2	2	2	100	19
18	26	2	0	1	2	2	2	100	14
18	5	2	0	1	2	2	2	100	31
18	11	2	0	2	2	2	2	100	12
18	7	2	0	2	2	2	2	100	20
18	20	2	0	1	2	2	2	100	23
18	18	2	0	2	2	2	2	100	21
18	14	2	0	2	2	2	2	100	19
18	13	2	0	2	2	2	2	100	26
18	1	3	0	1	1	1	1	100	37
18	17	3	0	2	1	1	1	100	37
18	8	3	0	2	1	1	1	100	38
18	3	3	0	1	1	1	1	100	28
18	2	3	0	2	1	1	1	100	35
18	9	3	0	1	1	1	1	100	32
18	6	3	0	1	1	1	1	100	34
18	19	3	0	1	1	1	1	100	36
18	25	3	0	2	1	1	1	100	35
