1	10	1	0	2	1	1	1	100	44
1	3	1	0	2	1	1	1	100	44
1	1	1	0	1	1	1	1	100	42
1	15	1	0	1	1	1	1	100	41
1	20	1	0	1	1	1	1	100	40
1	9	1	0	1	1	1	1	100	43
1	14	1	0	1	1	1	1	100	51
1	17	1	0	1	1	1	1	100	43
1	12	1	0	2	1	1	1	100	60
1	13	2	0	1	1	1	1	100	45
1	25	2	0	1	1	1	1	100	30
1	22	2	0	1	1	1	1	100	25
1	26	2	0	1	1	1	1	100	34
1	5	2	0	1	1	1	1	100	30
1	19	2	0	2	1	1	1	100	35
1	23	2	0	1	1	1	1	100	36
1	27	2	0	1	1	1	1	100	26
1	21	2	0	2	1	1	1	100	30
1	8	3	0	2	2	2	1	10	22
1	16	3	0	1	2	2	1	10	36
1	18	3	0	1	2	2	1	10	44
1	6	3	0	2	2	2	1	10	32
1	4	3	0	2	2	2	1	10	35
1	11	3	0	2	1	2	1	10	85
1	7	3	0	2	2	2	1	10	26
1	2	3	0	2	2	2	1	10	20
1	24	3	0	1	1	2	1	10	37
2	21	1	0	2	2	2	2	100	30
2	4	1	0	2	2	2	2	100	24
2	11	1	0	2	2	2	2	100	38
2	18	1	0	2	2	2	2	100	40
2	6	1	0	2	2	2	2	100	33
2	25	1	0	1	2	2	2	100	31
2	5	1	0	2	2	2	2	100	40
2	8	1	0	1	2	2	2	100	18
2	10	1	0	2	2	2	2	100	36
2	23	2	0	1	1	1	1	100	30
2	2	2	0	2	1	1	1	100	29
2	27	2	0	2	1	1	1	100	30
2	1	2	0	2	1	1	1	100	34
2	26	2	0	1	1	1	1	100	29
2	14	2	0	1	1	1	1	100	34
2	20	2	0	1	1	1	1	100	28
2	9	2	0	1	1	1	1	100	31
2	16	2	0	1	1	1	1	100	29
2	24	3	0	1	1	1	1	100	23
2	22	3	0	1	1	1	1	100	23
2	19	3	0	1	1	1	1	100	23
2	7	3	0	1	1	1	1	100	22
2	17	3	0	2	1	1	1	100	22
2	13	3	0	1	1	1	1	100	21
2	12	3	0	1	1	1	1	100	44
2	15	3	0	2	1	1	1	100	22
2	3	3	0	2	1	1	1	100	20
3	19	1	0	1	1	1	1	100	29
3	5	1	0	2	1	1	1	100	23
3	25	1	0	1	1	1	1	100	18
3	10	1	0	1	1	1	1	100	26
3	2	1	0	1	1	1	1	100	10
3	18	1	0	1	1	1	1	100	16
3	24	1	0	1	1	1	1	100	16
3	4	1	0	1	1	1	1	100	27
3	17	1	0	2	1	1	1	100	42
3	12	2	0	2	2	2	2	100	49
3	1	2	0	1	2	2	2	100	34
3	7	2	0	2	2	2	2	100	30
3	8	2	0	2	2	2	2	100	21
3	6	2	0	2	2	2	2	100	53
3	3	2	0	2	2	2	2	100	31
3	9	2	0	1	2	2	2	100	49
3	14	2	0	2	2	2	2	100	44
3	16	2	0	2	2	2	2	100	34
3	15	3	0	1	2	2	1	10	64
3	26	3	0	1	2	2	1	10	63
3	22	3	0	2	2	2	1	10	66
3	13	3	0	2	2	2	1	10	68
3	21	3	0	1	2	2	1	10	92
3	11	3	0	1	2	2	1	10	68
3	20	3	0	2	2	2	1	10	66
3	27	3	0	1	2	2	1	10	65
3	23	3	0	2	2	2	1	10	66
4	25	1	0	1	2	2	2	100	82
4	14	1	0	2	2	2	2	100	86
4	5	1	0	1	1	2	2	100	77
4	17	1	0	2	2	2	2	100	81
4	13	1	0	2	1	2	2	100	70
4	21	1	0	2	2	2	2	100	31
4	20	1	0	2	2	2	2	100	48
4	16	1	0	1	2	2	2	100	54
4	4	1	0	2	2	2	2	100	83
4	22	2	0	2	2	2	2	100	30
4	27	2	0	2	2	2	2	100	26
4	9	2	0	1	2	2	2	100	36
4	10	2	0	2	2	2	2	100	31
4	19	2	0	1	2	2	2	100	27
4	1	2	0	2	2	2	2	100	32
4	2	2	0	2	2	2	2	100	15
4	7	2	0	2	2	2	2	100	31
4	11	2	0	2	2	2	2	100	35
4	18	3	0	1	2	2	2	100	39
4	26	3	0	2	2	2	2	100	48
4	6	3	0	2	2	2	2	100	35
4	15	3	0	1	2	2	2	100	47
4	12	3	0	2	2	2	2	100	48
4	23	3	0	2	2	2	2	100	46
4	24	3	0	2	1	2	2	100	17
4	3	3	0	2	2	2	2	100	35
4	8	3	0	1	2	2	2	100	19
5	23	1	0	2	2	2	2	100	34
5	21	1	0	2	2	2	2	100	24
5	16	1	0	1	2	2	2	100	27
5	4	1	0	2	2	2	2	100	30
5	22	1	0	1	2	2	2	100	26
5	10	1	0	2	2	2	2	100	27
5	12	1	0	2	2	2	2	100	35
5	24	1	0	2	1	2	2	100	31
5	27	1	0	2	2	2	2	100	24
5	15	2	0	2	2	2	2	100	36
5	26	2	0	1	1	2	2	100	49
5	5	2	0	2	2	2	2	100	38
5	11	2	0	1	2	2	2	100	40
5	7	2	0	2	2	2	2	100	35
5	20	2	0	2	2	2	2	100	34
5	18	2	0	2	2	2	2	100	35
5	14	2	0	2	2	2	2	100	40
5	13	2	0	1	2	2	2	100	34
5	1	3	0	1	1	1	1	100	24
5	17	3	0	2	1	1	1	100	23
5	8	3	0	1	1	1	1	100	23
5	3	3	0	1	1	1	1	100	26
5	2	3	0	2	1	1	1	100	22
5	9	3	0	2	1	1	1	100	29
5	6	3	0	1	1	1	1	100	21
5	19	3	0	1	1	1	1	100	32
5	25	3	0	1	1	1	1	100	24
6	2	1	0	2	2	2	2	100	75
6	27	1	0	1	1	2	2	100	99
6	14	1	0	1	1	2	2	100	79
6	25	1	0	2	1	2	2	100	28
6	7	1	0	2	1	2	2	100	38
6	8	1	0	1	1	2	2	100	23
6	6	1	0	1	1	2	2	100	32
6	19	1	0	2	1	2	2	100	84
6	22	1	0	1	1	2	2	100	80
6	5	2	0	1	1	1	1	100	28
6	9	2	0	1	1	1	1	100	28
6	16	2	0	1	1	1	1	100	24
6	13	2	0	2	1	1	1	100	33
6	20	2	0	2	1	1	1	100	28
6	17	2	0	1	1	1	1	100	20
6	11	2	0	1	1	1	1	100	37
6	3	2	0	2	1	1	1	100	28
6	10	2	0	1	1	1	1	100	35
6	18	3	0	2	1	1	1	100	27
6	15	3	0	1	1	1	1	100	27
6	23	3	0	1	1	1	1	100	40
6	12	3	0	1	1	1	1	100	44
6	26	3	0	1	1	1	1	100	27
6	21	3	0	2	1	1	1	100	37
6	1	3	0	1	1	1	1	100	26
6	24	3	0	1	1	1	1	100	26
6	4	3	0	2	1	1	1	100	27
7	9	1	0	1	2	2	1	10	64
7	8	1	0	2	2	2	1	10	23
7	17	1	0	2	2	2	1	10	69
7	14	1	0	1	2	2	1	10	79
7	22	1	0	1	2	2	1	10	84
7	1	1	0	1	2	2	1	10	88
7	20	1	0	2	2	2	1	10	47
7	7	1	0	2	2	2	1	10	64
7	26	1	0	2	1	2	1	10	65
7	21	2	0	2	1	1	1	100	30
7	5	2	0	1	1	1	1	100	31
7	11	2	0	1	1	1	1	100	34
7	10	2	0	1	1	1	1	100	33
7	24	2	0	1	1	1	1	100	26
7	4	2	0	1	1	1	1	100	38
7	6	2	0	1	1	1	1	100	44
7	23	2	0	1	1	1	1	100	34
7	18	2	0	2	1	1	1	100	24
7	15	3	0	2	2	2	2	100	21
7	19	3	0	2	2	2	2	100	24
7	13	3	0	2	2	2	2	100	29
7	3	3	0	2	2	2	2	100	21
7	27	3	0	1	2	2	2	100	22
7	25	3	0	1	2	2	2	100	20
7	2	3	0	2	2	2	2	100	14
7	16	3	0	2	2	2	2	100	21
7	12	3	0	2	2	2	2	100	36
8	7	1	0	1	1	1	1	100	19
8	21	1	0	2	1	1	1	100	56
8	15	1	0	1	1	1	1	100	34
8	27	1	0	1	1	1	1	100	20
8	26	1	0	1	1	1	1	100	24
8	14	1	0	2	1	1	1	100	62
8	8	1	0	1	1	1	1	100	24
8	19	1	0	1	1	1	1	100	33
8	5	1	0	1	1	1	1	100	45
8	25	2	0	1	1	1	1	100	20
8	4	2	0	1	1	1	1	100	21
8	12	2	0	1	1	1	1	100	38
8	3	2	0	1	1	1	1	100	22
8	17	2	0	2	1	1	1	100	27
8	9	2	0	1	1	1	1	100	31
8	2	2	0	1	1	1	1	100	20
8	24	2	0	2	1	1	1	100	21
8	1	2	0	2	1	1	1	100	17
8	23	3	0	1	1	1	2	10	41
8	10	3	0	2	1	1	2	10	28
8	6	3	0	1	1	1	2	10	25
8	13	3	0	1	1	1	2	10	32
8	18	3	0	1	1	1	2	10	21
8	11	3	0	2	1	1	2	10	32
8	16	3	0	1	1	1	2	10	24
8	22	3	0	2	1	1	2	10	23
8	20	3	0	1	1	1	2	10	23
9	10	1	0	1	1	1	1	100	42
9	12	1	0	2	1	1	1	100	68
9	15	1	0	2	1	1	1	100	30
9	18	1	0	1	1	1	1	100	26
9	21	1	0	2	1	1	1	100	58
9	1	1	0	1	1	1	1	100	25
9	11	1	0	1	1	1	1	100	41
9	14	1	0	1	1	1	1	100	39
9	23	1	0	1	1	1	1	100	45
9	7	2	0	1	1	1	2	10	52
9	8	2	0	2	1	1	2	10	41
9	24	2	0	1	1	1	2	10	37
9	17	2	0	1	1	1	2	10	47
9	3	2	0	1	1	1	2	10	48
9	26	2	0	1	1	1	2	10	70
9	5	2	0	2	1	1	2	10	61
9	25	2	0	2	1	1	2	10	50
9	4	2	0	2	1	1	2	10	60
9	20	3	0	2	2	2	2	100	33
9	19	3	0	2	2	2	2	100	43
9	22	3	0	1	2	2	2	100	76
9	16	3	0	1	2	2	2	100	24
9	6	3	0	1	2	2	2	100	30
9	13	3	0	2	2	2	2	100	34
9	2	3	0	2	2	2	2	100	18
9	9	3	0	2	2	2	2	100	77
9	27	3	0	2	2	2	2	100	43
10	12	1	0	1	2	2	1	10	41
10	24	1	0	2	1	2	1	10	27
10	7	1	0	2	2	2	1	10	23
10	23	1	0	2	2	2	1	10	34
10	21	1	0	1	2	2	1	10	37
10	6	1	0	2	2	2	1	10	29
10	17	1	0	1	2	2	1	10	60
10	19	1	0	2	2	2	1	10	44
10	20	1	0	2	2	2	1	10	19
10	5	2	0	2	1	1	1	100	64
10	27	2	0	2	1	1	1	100	46
10	15	2	0	1	1	1	1	100	51
10	11	2	0	1	1	1	1	100	83
10	10	2	0	1	1	1	1	100	50
10	26	2	0	2	1	1	1	100	55
10	25	2	0	1	1	1	1	100	36
10	8	2	0	2	1	1	1	100	33
10	9	2	0	1	1	1	1	100	52
10	18	3	0	2	2	2	2	100	20
10	13	3	0	1	2	2	2	100	30
10	16	3	0	2	2	2	2	100	21
10	2	3	0	2	2	2	2	100	14
10	14	3	0	2	2	2	2	100	26
10	3	3	0	1	2	2	2	100	22
10	4	3	0	2	2	2	2	100	22
10	22	3	0	2	2	2	2	100	23
10	1	3	0	2	2	2	2	100	18
11	12	1	0	1	1	1	1	100	34
11	18	1	0	2	1	1	1	100	20
11	24	1	0	1	1	1	1	100	33
11	17	1	0	1	1	1	1	100	33
11	23	1	0	1	1	1	1	100	47
11	25	1	0	2	1	1	1	100	23
11	22	1	0	1	1	1	1	100	22
11	4	1	0	1	1	1	1	100	31
11	2	1	0	1	1	1	1	100	22
11	15	2	0	1	1	1	1	100	31
11	16	2	0	2	1	1	1	100	46
11	11	2	0	1	1	1	1	100	33
11	14	2	0	1	1	1	1	100	42
11	21	2	0	2	1	1	1	100	35
11	6	2	0	1	1	1	1	100	31
11	26	2	0	1	1	1	1	100	32
11	9	2	0	1	1	1	1	100	41
11	27	2	0	2	1	1	1	100	30
11	7	3	0	1	1	1	1	100	40
11	3	3	0	2	1	1	1	100	47
11	10	3	0	1	1	1	1	100	39
11	19	3	0	1	1	1	1	100	43
11	1	3	0	2	1	1	1	100	34
11	8	3	0	2	1	1	1	100	30
11	13	3	0	2	1	1	1	100	47
11	20	3	0	1	1	1	1	100	42
11	5	3	0	1	1	1	1	100	56
12	18	1	0	1	2	2	2	100	31
12	11	1	0	2	2	2	2	100	40
12	4	1	0	2	2	2	2	100	41
12	2	1	0	2	2	2	2	100	21
12	6	1	0	2	2	2	2	100	47
12	16	1	0	2	2	2	2	100	47
12	3	1	0	1	2	2	2	100	32
12	25	1	0	1	2	2	2	100	32
12	13	1	0	1	1	2	2	100	40
12	15	2	0	2	2	2	2	100	21
12	20	2	0	2	2	2	2	100	16
12	17	2	0	2	2	2	2	100	18
12	10	2	0	2	2	2	2	100	28
12	1	2	0	2	2	2	2	100	21
12	9	2	0	2	2	2	2	100	27
12	8	2	0	2	2	2	2	100	21
12	19	2	0	1	2	2	2	100	17
12	12	2	0	2	2	2	2	100	18
12	26	3	0	1	2	2	2	100	167
12	24	3	0	2	1	2	2	100	72
12	23	3	0	2	2	2	2	100	95
12	21	3	0	2	2	2	2	100	145
12	5	3	0	1	2	2	2	100	128
12	22	3	0	2	2	2	2	100	75
12	27	3	0	1	2	2	2	100	84
12	7	3	0	2	2	2	2	100	35
12	14	3	0	2	2	2	2	100	151
13	14	1	0	2	2	2	2	100	153
13	20	1	0	1	2	2	2	100	49
13	21	1	0	2	2	2	2	100	156
13	24	1	0	2	1	2	2	100	47
13	19	1	0	1	1	2	2	100	77
13	1	1	0	2	1	2	2	100	49
13	3	1	0	2	2	2	2	100	45
13	25	1	0	1	2	2	2	100	45
13	26	1	0	1	2	2	2	100	167
13	2	2	0	1	1	1	1	100	17
13	7	2	0	1	1	1	1	100	17
13	22	2	0	1	1	1	1	100	21
13	9	2	0	1	1	1	1	100	24
13	16	2	0	1	1	1	1	100	19
13	6	2	0	1	1	1	1	100	16
13	23	2	0	2	1	1	1	100	40
13	13	2	0	1	1	1	1	100	27
13	15	2	0	1	1	1	1	100	16
13	12	3	0	1	2	2	2	100	26
13	27	3	0	1	2	2	2	100	112
13	8	3	0	1	2	2	2	100	27
13	17	3	0	2	2	2	2	100	70
13	10	3	0	2	2	2	2	100	144
13	11	3	0	1	1	2	2	100	96
13	4	3	0	2	2	2	2	100	105
13	5	3	0	2	2	2	2	100	112
13	18	3	0	2	1	2	2	100	40
14	11	1	0	1	2	2	2	100	36
14	26	1	0	2	2	2	2	100	39
14	12	1	0	2	2	2	2	100	23
14	7	1	0	2	2	2	2	100	23
14	17	1	0	2	2	2	2	100	21
14	24	1	0	2	1	2	2	100	24
14	16	1	0	2	2	2	2	100	46
14	15	1	0	1	2	2	2	100	31
14	10	1	0	2	2	2	2	100	34
14	9	2	0	2	2	2	2	100	50
14	23	2	0	2	2	2	2	100	43
14	3	2	0	2	2	2	2	100	33
14	5	2	0	2	2	2	2	100	74
14	18	2	0	1	1	2	2	100	39
14	4	2	0	2	2	2	2	100	40
14	20	2	0	1	2	2	2	100	32
14	13	2	0	1	1	2	2	100	43
14	2	2	0	1	2	2	2	100	41
14	25	3	0	1	1	1	1	100	24
14	21	3	0	1	1	1	1	100	35
14	6	3	0	1	1	1	1	100	26
14	1	3	0	2	1	1	1	100	23
14	14	3	0	2	1	1	1	100	30
14	22	3	0	1	1	1	1	100	25
14	19	3	0	1	1	1	1	100	40
14	27	3	0	2	1	1	1	100	23
14	8	3	0	1	1	1	1	100	20
15	4	1	0	2	2	2	2	100	27
15	25	1	0	2	2	2	2	100	18
15	19	1	0	2	2	2	2	100	27
15	17	1	0	1	2	2	2	100	16
15	26	1	0	2	2	2	2	100	23
15	3	1	0	2	2	2	2	100	29
15	21	1	0	2	2	2	2	100	20
15	10	1	0	2	2	2	2	100	26
15	13	1	0	2	2	2	2	100	31
15	27	2	0	1	2	2	2	100	19
15	16	2	0	2	2	2	2	100	32
15	6	2	0	2	2	2	2	100	17
15	18	2	0	2	2	2	2	100	18
15	15	2	0	2	2	2	2	100	20
15	20	2	0	2	2	2	2	100	22
15	1	2	0	2	2	2	2	100	19
15	7	2	0	2	2	2	2	100	21
15	23	2	0	2	2	2	2	100	36
15	22	3	0	1	1	1	1	100	21
15	2	3	0	1	1	1	1	100	15
15	5	3	0	2	1	1	1	100	29
15	12	3	0	1	1	1	1	100	33
15	9	3	0	1	1	1	1	100	55
15	24	3	0	1	1	1	1	100	20
15	8	3	0	2	1	1	1	100	15
15	14	3	0	1	1	1	1	100	35
15	11	3	0	1	1	1	1	100	25
