1	18	1	0	1	1	1	1	100	28
1	7	1	0	1	1	1	1	100	41
1	12	1	0	2	1	1	1	100	44
1	9	1	0	1	1	1	1	100	43
1	4	1	0	1	1	1	1	100	38
1	11	1	0	1	1	1	1	100	30
1	14	1	0	1	1	1	1	100	48
1	2	1	0	2	1	1	1	100	22
1	13	1	0	1	1	1	1	100	33
1	6	2	0	1	1	1	1	100	52
1	17	2	0	1	1	1	1	100	78
1	5	2	0	1	1	1	1	100	41
1	15	2	0	1	1	1	1	100	46
1	16	2	0	2	1	1	1	100	42
1	8	2	0	1	1	1	1	100	42
1	10	2	0	2	1	1	1	100	47
1	3	2	0	1	1	1	1	100	45
1	1	2	0	1	1	1	1	100	51
2	4	1	0	1	1	1	1	100	35
2	14	1	0	1	1	1	1	100	49
2	13	1	0	1	1	1	1	100	40
2	16	1	0	1	1	1	1	100	36
2	12	1	0	1	1	1	1	100	45
2	18	1	0	2	1	1	1	100	36
2	5	1	0	1	1	1	1	100	29
2	15	1	0	1	1	1	1	100	47
2	11	1	0	2	1	1	1	100	32
2	1	2	0	1	1	1	1	100	71
2	6	2	0	2	1	1	1	100	63
2	7	2	0	1	1	1	1	100	54
2	8	2	0	1	1	1	1	100	53
2	3	2	0	2	1	1	1	100	60
2	9	2	0	1	1	1	1	100	67
2	10	2	0	2	1	1	1	100	62
2	17	2	0	1	1	1	1	100	77
2	2	2	0	1	1	1	1	100	33
3	4	1	0	1	1	1	1	100	32
3	9	1	0	1	1	1	1	100	30
3	5	1	0	1	1	1	1	100	25
3	7	1	0	1	1	1	1	100	36
3	15	1	0	1	1	1	1	100	31
3	2	1	0	2	1	1	1	100	18
3	13	1	0	1	1	1	1	100	34
3	14	1	0	1	1	1	1	100	55
3	18	1	0	2	1	1	1	100	26
3	10	2	0	1	1	1	1	100	33
3	11	2	0	1	1	1	1	100	25
3	8	2	0	1	1	1	1	100	28
3	3	2	0	1	1	1	1	100	28
3	6	2	0	1	1	1	1	100	28
3	17	2	0	2	1	1	1	100	41
3	12	2	0	1	1	1	1	100	30
3	16	2	0	1	1	1	1	100	30
3	1	2	0	1	1	1	1	100	40
4	3	1	0	2	2	2	2	100	22
4	6	1	0	2	2	2	2	100	30
4	11	1	0	2	2	2	2	100	20
4	5	1	0	2	2	2	2	100	20
4	15	1	0	2	2	2	2	100	22
4	7	1	0	2	2	2	2	100	31
4	16	1	0	2	2	2	2	100	24
4	14	1	0	2	2	2	2	100	22
4	17	1	0	1	2	2	2	100	29
4	10	2	0	2	2	2	2	100	28
4	8	2	0	2	2	2	2	100	23
4	13	2	0	1	2	2	2	100	21
4	12	2	0	2	2	2	2	100	30
4	4	2	0	2	2	2	2	100	20
4	18	2	0	2	2	2	2	100	25
4	2	2	0	2	2	2	2	100	19
4	1	2	0	2	2	2	2	100	34
4	9	2	0	2	2	2	2	100	23
5	10	1	0	1	1	1	1	100	49
5	12	1	0	1	1	1	1	100	21
5	11	1	0	2	1	1	1	100	21
5	3	1	0	1	1	1	1	100	24
5	13	1	0	2	1	1	1	100	16
5	8	1	0	1	1	1	1	100	58
5	6	1	0	1	1	1	1	100	30
5	2	1	0	1	1	1	1	100	16
5	4	1	0	1	1	1	1	100	20
5	14	2	0	2	2	2	2	100	24
5	18	2	0	2	2	2	2	100	24
5	17	2	0	2	2	2	2	100	37
5	1	2	0	2	2	2	2	100	35
5	7	2	0	2	2	2	2	100	30
5	5	2	0	1	2	2	2	100	23
5	9	2	0	2	2	2	2	100	23
5	15	2	0	2	2	2	2	100	28
5	16	2	0	1	2	2	2	100	23
6	18	1	0	2	2	2	2	100	29
6	14	1	0	2	2	2	2	100	20
6	15	1	0	2	2	2	2	100	30
6	17	1	0	2	2	2	2	100	36
6	13	1	0	2	2	2	2	100	36
6	7	1	0	2	2	2	2	100	31
6	3	1	0	2	2	2	2	100	28
6	10	1	0	1	2	2	2	100	30
6	1	1	0	2	2	2	2	100	32
6	6	2	0	2	1	1	1	100	32
6	2	2	0	1	1	1	1	100	21
6	4	2	0	2	1	1	1	100	36
6	12	2	0	1	1	1	1	100	36
6	11	2	0	1	1	1	1	100	33
6	9	2	0	1	1	1	1	100	32
6	16	2	0	1	1	1	1	100	35
6	5	2	0	1	1	1	1	100	31
6	8	2	0	2	1	1	1	100	35
7	3	1	0	2	2	2	2	100	44
7	12	1	0	2	2	2	2	100	48
7	2	1	0	1	2	2	2	100	41
7	11	1	0	1	2	2	2	100	39
7	6	1	0	2	2	2	2	100	49
7	16	1	0	1	2	2	2	100	43
7	17	1	0	2	2	2	2	100	49
7	9	1	0	2	2	2	2	100	44
7	14	1	0	1	2	2	2	100	50
7	10	2	0	1	1	1	1	100	21
7	5	2	0	1	1	1	1	100	28
7	8	2	0	1	1	1	1	100	20
7	4	2	0	1	1	1	1	100	18
7	7	2	0	1	1	1	1	100	23
7	1	2	0	2	1	1	1	100	24
7	13	2	0	1	1	1	1	100	16
7	15	2	0	1	1	1	1	100	28
7	18	2	0	1	1	1	1	100	20
8	11	1	0	2	2	2	2	100	23
8	18	1	0	2	2	2	2	100	22
8	5	1	0	2	2	2	2	100	18
8	16	1	0	2	2	2	2	100	24
8	6	1	0	1	2	2	2	100	28
8	1	1	0	2	2	2	2	100	25
8	3	1	0	2	2	2	2	100	25
8	12	1	0	1	2	2	2	100	24
8	17	1	0	2	2	2	2	100	30
8	10	2	0	2	1	1	1	100	38
8	13	2	0	1	1	1	1	100	19
8	14	2	0	1	1	1	1	100	33
8	2	2	0	1	1	1	1	100	32
8	15	2	0	1	1	1	1	100	47
8	7	2	0	2	1	1	1	100	32
8	4	2	0	2	1	1	1	100	44
8	9	2	0	1	1	1	1	100	24
8	8	2	0	1	1	1	1	100	36
9	5	1	0	2	2	2	2	100	19
9	7	1	0	2	2	2	2	100	29
9	8	1	0	2	2	2	2	100	18
9	18	1	0	2	2	2	2	100	21
9	13	1	0	2	2	2	2	100	17
9	17	1	0	2	2	2	2	100	32
9	6	1	0	2	2	2	2	100	21
9	1	1	0	1	2	2	2	100	23
9	10	1	0	2	2	2	2	100	23
9	11	2	0	1	2	2	2	100	28
9	15	2	0	1	2	2	2	100	35
9	4	2	0	2	2	2	2	100	36
9	3	2	0	2	2	2	2	100	35
9	9	2	0	2	2	2	2	100	34
9	12	2	0	1	2	2	2	100	35
9	16	2	0	2	2	2	2	100	36
9	14	2	0	1	2	2	2	100	44
9	2	2	0	2	2	2	2	100	39
10	5	1	0	2	2	2	2	100	17
10	16	1	0	2	2	2	2	100	24
10	18	1	0	2	2	2	2	100	17
10	12	1	0	1	2	2	2	100	24
10	9	1	0	2	2	2	2	100	21
10	4	1	0	2	2	2	2	100	20
10	6	1	0	2	2	2	2	100	17
10	14	1	0	2	2	2	2	100	21
10	17	1	0	2	2	2	2	100	26
10	7	2	0	2	2	2	2	100	45
10	2	2	0	2	2	2	2	100	24
10	11	2	0	1	2	2	2	100	40
10	1	2	0	1	2	2	2	100	47
10	15	2	0	2	2	2	2	100	45
10	10	2	0	1	2	2	2	100	46
10	13	2	0	2	2	2	2	100	29
10	8	2	0	2	2	2	2	100	43
10	3	2	0	2	2	2	2	100	40
11	12	1	0	2	2	2	2	100	19
11	2	1	0	1	2	2	2	100	14
11	17	1	0	2	2	2	2	100	20
11	18	1	0	2	2	2	2	100	24
11	4	1	0	2	2	2	2	100	18
11	7	1	0	2	2	2	2	100	39
11	16	1	0	2	2	2	2	100	20
11	8	1	0	2	2	2	2	100	19
11	9	1	0	2	2	2	2	100	18
11	3	2	0	1	1	1	1	100	17
11	15	2	0	2	1	1	1	100	18
11	13	2	0	1	1	1	1	100	18
11	11	2	0	1	1	1	1	100	17
11	10	2	0	1	1	1	1	100	29
11	6	2	0	1	1	1	1	100	16
11	14	2	0	1	1	1	1	100	18
11	5	2	0	1	1	1	1	100	14
11	1	2	0	1	1	1	1	100	21
12	17	1	0	2	2	2	2	100	29
12	3	1	0	2	2	2	2	100	40
12	14	1	0	2	2	2	2	100	16
12	16	1	0	2	2	2	2	100	34
12	1	1	0	2	2	2	2	100	41
12	12	1	0	2	2	2	2	100	29
12	2	1	0	2	2	2	2	100	15
12	13	1	0	2	2	2	2	100	37
12	6	1	0	2	2	2	2	100	21
12	9	2	0	1	2	2	2	100	17
12	8	2	0	2	2	2	2	100	13
12	11	2	0	2	2	2	2	100	13
12	15	2	0	2	2	2	2	100	13
12	18	2	0	2	2	2	2	100	15
12	10	2	0	2	2	2	2	100	20
12	4	2	0	2	2	2	2	100	17
12	7	2	0	2	2	2	2	100	19
12	5	2	0	2	2	2	2	100	16
13	4	1	0	1	1	1	1	100	19
13	7	1	0	1	1	1	1	100	14
13	11	1	0	1	1	1	1	100	15
13	15	1	0	1	1	1	1	100	14
13	5	1	0	1	1	1	1	100	19
13	13	1	0	1	1	1	1	100	18
13	14	1	0	1	1	1	1	100	22
13	18	1	0	1	1	1	1	100	17
13	1	1	0	1	1	1	1	100	18
13	16	2	0	2	2	2	2	100	20
13	3	2	0	2	2	2	2	100	21
13	17	2	0	2	2	2	2	100	33
13	8	2	0	2	2	2	2	100	20
13	12	2	0	2	2	2	2	100	24
13	10	2	0	2	2	2	2	100	23
13	6	2	0	2	2	2	2	100	21
13	2	2	0	2	2	2	2	100	9
13	9	2	0	1	2	2	2	100	25
14	5	1	0	1	1	1	1	100	21
14	8	1	0	2	1	1	1	100	26
14	18	1	0	2	1	1	1	100	24
14	4	1	0	1	1	1	1	100	24
14	10	1	0	1	1	1	1	100	26
14	3	1	0	2	1	1	1	100	32
14	15	1	0	1	1	1	1	100	26
14	1	1	0	1	1	1	1	100	32
14	6	1	0	1	1	1	1	100	30
14	9	2	0	1	1	1	1	100	35
14	14	2	0	1	1	1	1	100	34
14	12	2	0	2	1	1	1	100	40
14	2	2	0	2	1	1	1	100	30
14	7	2	0	1	1	1	1	100	33
14	17	2	0	1	1	1	1	100	54
14	16	2	0	1	1	1	1	100	38
14	13	2	0	1	1	1	1	100	35
14	11	2	0	2	1	1	1	100	27
15	14	1	0	2	2	2	2	100	19
15	4	1	0	2	2	2	2	100	18
15	7	1	0	1	2	2	2	100	17
15	11	1	0	2	2	2	2	100	18
15	2	1	0	2	2	2	2	100	26
15	15	1	0	2	2	2	2	100	18
15	10	1	0	2	2	2	2	100	24
15	8	1	0	2	2	2	2	100	21
15	17	1	0	2	2	2	2	100	34
15	3	2	0	2	1	1	1	100	34
15	13	2	0	2	1	1	1	100	38
15	18	2	0	2	1	1	1	100	27
15	5	2	0	1	1	1	1	100	17
15	6	2	0	1	1	1	1	100	20
15	1	2	0	1	1	1	1	100	29
15	9	2	0	1	1	1	1	100	31
15	16	2	0	1	1	1	1	100	33
15	12	2	0	1	1	1	1	100	34
