1	12	1	0	1	1	2	1	10	8
1	25	1	0	1	1	2	1	10	13
1	11	1	0	1	1	2	1	10	7
1	13	1	0	2	2	2	1	10	5
1	30	1	0	1	1	2	1	10	8
1	38	1	0	2	2	2	1	10	25
1	42	1	0	1	2	2	1	10	14
1	2	1	0	1	1	2	1	10	4
1	19	1	0	2	2	2	1	10	28
1	15	2	0	2	2	1	1	100	5
1	4	2	0	1	1	1	1	100	14
1	1	2	0	1	1	1	1	100	7
1	44	2	0	2	1	1	1	100	6
1	41	2	0	2	2	1	1	100	23
1	45	2	0	1	1	1	1	100	41
1	23	2	0	1	1	1	1	100	8
1	18	2	0	1	1	1	1	100	6
1	31	2	0	1	1	1	1	100	6
1	39	3	0	2	1	2	1	10	8
1	5	3	0	1	1	2	1	10	28
1	16	3	0	2	2	2	1	10	58
1	28	3	0	2	2	2	1	10	27
1	33	3	0	1	1	2	1	10	25
1	20	3	0	1	2	2	1	10	39
1	9	3	0	2	2	2	1	10	12
1	22	3	0	2	2	2	1	10	8
1	7	3	0	1	1	2	1	10	5
1	10	4	0	1	1	1	1	100	7
1	26	4	0	2	2	1	1	100	14
1	17	4	0	1	1	1	1	100	14
1	27	4	0	1	1	1	1	100	11
1	40	4	0	2	1	1	1	100	15
1	34	4	0	2	2	1	1	100	11
1	21	4	0	1	1	1	1	100	22
1	24	4	0	1	1	1	1	100	6
1	32	4	0	1	1	1	1	100	8
1	37	5	0	1	1	2	2	100	6
1	3	5	0	1	1	2	2	100	7
1	36	5	0	2	1	2	2	100	9
1	35	5	0	2	2	2	2	100	5
1	6	5	0	2	2	2	2	100	11
1	43	5	0	2	2	2	2	100	9
1	8	5	0	1	1	2	2	100	5
1	29	5	0	2	1	2	2	100	7
1	14	5	0	1	1	2	2	100	10
2	42	1	0	2	2	2	2	100	4
2	4	1	0	2	1	2	2	100	16
2	30	1	0	1	1	2	2	100	6
2	1	1	0	2	2	2	2	100	6
2	35	1	0	2	2	2	2	100	4
2	15	1	0	1	1	2	2	100	4
2	21	1	0	2	2	2	2	100	20
2	27	1	0	2	2	2	2	100	9
2	18	1	0	2	2	2	2	100	5
2	37	2	0	1	1	2	1	10	4
2	38	2	0	1	1	2	1	10	24
2	3	2	0	2	2	2	1	10	8
2	2	2	0	1	1	2	1	10	4
2	34	2	0	2	2	2	1	10	5
2	25	2	0	2	2	2	1	10	8
2	22	2	0	2	2	2	1	10	8
2	5	2	0	1	2	2	1	10	27
2	39	2	0	1	1	2	1	10	6
2	31	3	0	2	2	2	2	100	4
2	23	3	0	2	2	2	2	100	7
2	43	3	0	2	2	2	2	100	7
2	9	3	0	1	1	2	2	100	13
2	13	3	0	2	2	2	2	100	4
2	36	3	0	2	2	2	2	100	9
2	16	3	0	1	1	2	2	100	24
2	12	3	0	2	2	2	2	100	5
2	20	3	0	1	2	2	2	100	14
2	17	4	0	1	1	1	1	100	5
2	41	4	0	1	1	1	1	100	8
2	11	4	0	1	1	1	1	100	28
2	45	4	0	1	1	1	1	100	10
2	32	4	0	1	1	1	1	100	6
2	19	4	0	1	1	1	1	100	7
2	40	4	0	1	1	1	1	100	11
2	8	4	0	1	1	1	1	100	4
2	6	4	0	1	1	1	1	100	9
2	7	5	0	1	1	2	1	10	4
2	14	5	0	2	2	2	1	10	9
2	24	5	0	1	1	2	1	10	5
2	29	5	0	1	2	2	1	10	8
2	33	5	0	1	1	2	1	10	28
2	28	5	0	1	1	2	1	10	40
2	26	5	0	2	2	2	1	10	7
2	10	5	0	1	1	2	1	10	5
2	44	5	0	1	1	2	1	10	7
3	41	1	0	1	1	1	1	100	3
3	25	1	0	1	1	1	1	100	22
3	45	1	0	1	1	1	1	100	13
3	7	1	0	1	1	1	1	100	5
3	37	1	0	1	1	1	1	100	3
3	8	1	0	1	1	1	1	100	4
3	40	1	0	1	1	1	1	100	7
3	16	1	0	2	1	1	1	100	7
3	18	1	0	2	2	1	1	100	5
3	42	2	0	1	1	2	1	10	7
3	31	2	0	2	2	2	1	10	7
3	17	2	0	2	1	2	1	10	10
3	1	2	0	2	2	2	1	10	12
3	11	2	0	2	2	2	1	10	4
3	34	2	0	2	1	2	1	10	5
3	13	2	0	1	1	2	1	10	5
3	4	2	0	1	1	2	1	10	3
3	9	2	0	1	2	2	1	10	5
3	6	3	0	2	2	2	2	100	7
3	43	3	0	1	1	2	2	100	6
3	29	3	0	2	1	2	2	100	10
3	12	3	0	1	2	2	2	100	6
3	32	3	0	2	2	2	2	100	5
3	33	3	0	2	2	2	2	100	20
3	38	3	0	1	1	2	2	100	25
3	30	3	0	2	2	2	2	100	10
3	21	3	0	2	2	2	2	100	26
3	35	4	0	2	2	2	1	10	3
3	2	4	0	2	2	2	1	10	7
3	27	4	0	1	1	2	1	10	5
3	5	4	0	2	2	2	1	10	28
3	15	4	0	1	1	2	1	10	4
3	36	4	0	1	1	2	1	10	18
3	23	4	0	1	1	2	1	10	3
3	20	4	0	2	2	2	1	10	17
3	28	4	0	1	1	2	1	10	29
3	26	5	0	2	1	1	1	100	18
3	19	5	0	1	1	1	1	100	4
3	3	5	0	2	1	1	1	100	3
3	14	5	0	1	2	1	1	100	8
3	39	5	0	1	1	1	1	100	5
3	10	5	0	1	1	1	1	100	6
3	22	5	0	2	1	1	1	100	5
3	24	5	0	1	1	1	1	100	3
3	44	5	0	1	1	1	1	100	4
4	38	1	0	1	2	2	1	10	29
4	39	1	0	2	1	2	1	10	7
4	31	1	0	2	2	2	1	10	10
4	32	1	0	1	1	2	1	10	6
4	20	1	0	2	2	2	1	10	10
4	14	1	0	2	2	2	1	10	12
4	42	1	0	1	1	2	1	10	4
4	11	1	0	2	2	2	1	10	11
4	6	1	0	1	1	2	1	10	5
4	29	2	0	2	1	2	2	100	8
4	4	2	0	2	1	2	2	100	3
4	26	2	0	1	1	2	2	100	10
4	18	2	0	2	2	2	2	100	5
4	27	2	0	2	2	2	2	100	7
4	12	2	0	2	2	2	2	100	7
4	7	2	0	2	2	2	2	100	3
4	13	2	0	1	1	2	2	100	3
4	22	2	0	2	1	2	2	100	5
4	36	3	0	1	1	2	2	100	7
4	41	3	0	2	2	2	2	100	7
4	35	3	0	2	2	2	2	100	6
4	25	3	0	2	2	2	2	100	9
4	19	3	0	1	1	2	2	100	4
4	15	3	0	2	2	2	2	100	3
4	40	3	0	2	1	2	2	100	4
4	23	3	0	1	1	2	2	100	5
4	2	3	0	1	1	2	2	100	10
4	37	4	0	1	1	1	1	100	3
4	30	4	0	1	1	1	1	100	15
4	44	4	0	1	1	1	1	100	5
4	9	4	0	2	2	1	1	100	10
4	43	4	0	1	1	1	1	100	4
4	16	4	0	1	1	1	1	100	6
4	17	4	0	1	1	1	1	100	4
4	3	4	0	2	1	1	1	100	29
4	5	4	0	1	1	1	1	100	4
4	10	5	0	1	1	2	1	10	13
4	28	5	0	1	1	2	1	10	14
4	24	5	0	2	1	2	1	10	11
4	45	5	0	2	2	2	1	10	16
4	21	5	0	2	2	2	1	10	6
4	33	5	0	1	1	2	1	10	15
4	34	5	0	1	1	2	1	10	4
4	1	5	0	1	1	2	1	10	5
4	8	5	0	2	2	2	1	10	6
5	29	1	0	2	1	2	2	100	4
5	24	1	0	1	1	2	2	100	6
5	21	1	0	2	2	2	2	100	16
5	37	1	0	2	2	2	2	100	4
5	22	1	0	2	2	2	2	100	9
5	33	1	0	1	1	2	2	100	19
5	26	1	0	2	2	2	2	100	14
5	19	1	0	1	1	2	2	100	4
5	11	1	0	2	1	2	2	100	6
5	13	2	0	2	2	2	1	10	3
5	25	2	0	2	2	2	1	10	6
5	15	2	0	1	1	2	1	10	3
5	7	2	0	1	1	2	1	10	4
5	43	2	0	1	1	2	1	10	6
5	20	2	0	2	2	2	1	10	9
5	6	2	0	1	1	2	1	10	4
5	30	2	0	1	1	2	1	10	4
5	9	2	0	2	2	2	1	10	35
5	45	3	0	1	1	1	1	100	19
5	8	3	0	1	1	1	1	100	6
5	2	3	0	1	1	1	1	100	5
5	39	3	0	1	1	1	1	100	3
5	16	3	0	2	1	1	1	100	7
5	38	3	0	2	1	1	1	100	30
5	18	3	0	2	2	1	1	100	4
5	1	3	0	1	1	1	1	100	8
5	44	3	0	2	1	1	1	100	8
5	32	4	0	1	1	1	2	10	5
5	35	4	0	2	2	1	2	10	37
5	23	4	0	1	1	1	2	10	5
5	17	4	0	2	1	1	2	10	5
5	4	4	0	1	1	1	2	10	4
5	14	4	0	2	1	1	2	10	11
5	3	4	0	1	1	1	2	10	22
5	12	4	0	2	1	1	2	10	5
5	28	4	0	1	1	1	2	10	16
5	10	5	0	2	2	2	1	10	5
5	41	5	0	1	1	2	1	10	3
5	42	5	0	1	1	2	1	10	3
5	5	5	0	1	1	2	1	10	29
5	36	5	0	1	1	2	1	10	3
5	40	5	0	2	2	2	1	10	9
5	27	5	0	2	2	2	1	10	6
5	34	5	0	1	1	2	1	10	3
5	31	5	0	1	1	2	1	10	6
6	39	1	0	1	1	2	1	10	5
6	16	1	0	1	2	2	1	10	6
6	35	1	0	1	1	2	1	10	4
6	10	1	0	1	1	2	1	10	5
6	19	1	0	1	1	2	1	10	7
6	43	1	0	2	2	2	1	10	4
6	37	1	0	2	2	2	1	10	8
6	1	1	0	1	1	2	1	10	6
6	11	1	0	2	1	2	1	10	4
6	5	2	0	2	1	2	2	100	5
6	12	2	0	2	2	2	2	100	11
6	27	2	0	2	2	2	2	100	4
6	32	2	0	2	2	2	2	100	7
6	33	2	0	2	2	2	2	100	9
6	4	2	0	2	1	2	2	100	5
6	29	2	0	1	1	2	2	100	10
6	42	2	0	2	2	2	2	100	4
6	13	2	0	2	2	2	2	100	3
6	23	3	0	2	2	2	1	10	20
6	25	3	0	1	1	2	1	10	9
6	41	3	0	1	1	2	1	10	3
6	18	3	0	1	1	2	1	10	4
6	15	3	0	1	1	2	1	10	3
6	30	3	0	1	1	2	1	10	4
6	8	3	0	1	2	2	1	10	8
6	2	3	0	2	2	2	1	10	4
6	7	3	0	1	1	2	1	10	4
6	9	4	0	2	2	2	2	100	6
6	20	4	0	2	2	2	2	100	4
6	14	4	0	2	2	2	2	100	4
6	34	4	0	2	2	2	2	100	2
6	28	4	0	1	1	2	2	100	14
6	26	4	0	1	1	2	2	100	7
6	36	4	0	2	2	2	2	100	5
6	21	4	0	2	2	2	2	100	7
6	31	4	0	2	2	2	2	100	6
6	17	5	0	2	2	2	2	100	5
6	24	5	0	2	1	2	2	100	9
6	40	5	0	2	1	2	2	100	4
6	38	5	0	1	1	2	2	100	23
6	6	5	0	2	2	2	2	100	3
6	45	5	0	1	1	2	2	100	7
6	3	5	0	2	2	2	2	100	12
6	22	5	0	2	2	2	2	100	8
6	44	5	0	1	1	2	2	100	9
7	36	1	0	2	2	2	1	10	8
7	11	1	0	1	1	2	1	10	3
7	13	1	0	1	1	2	1	10	3
7	12	1	0	1	1	2	1	10	6
7	21	1	0	2	2	2	1	10	18
7	43	1	0	2	2	2	1	10	6
7	32	1	0	1	1	2	1	10	5
7	20	1	0	1	1	2	1	10	6
7	3	1	0	1	1	2	1	10	3
7	38	2	0	2	2	2	1	10	18
7	37	2	0	1	1	2	1	10	18
7	6	2	0	1	1	2	1	10	5
7	2	2	0	2	2	2	1	10	4
7	31	2	0	2	2	2	1	10	5
7	26	2	0	1	2	2	1	10	14
7	22	2	0	2	1	2	1	10	9
7	40	2	0	1	1	2	1	10	5
7	35	2	0	1	1	2	1	10	3
7	24	3	0	1	1	1	1	100	3
7	27	3	0	1	1	1	1	100	4
7	25	3	0	2	2	1	1	100	4
7	28	3	0	1	1	1	1	100	12
7	16	3	0	1	1	1	1	100	5
7	7	3	0	1	1	1	1	100	3
7	30	3	0	1	1	1	1	100	6
7	17	3	0	2	2	1	1	100	6
7	5	3	0	1	1	1	1	100	10
7	1	4	0	2	2	2	2	100	5
7	45	4	0	1	1	2	2	100	7
7	41	4	0	2	2	2	2	100	6
7	9	4	0	1	1	2	2	100	6
7	19	4	0	2	2	2	2	100	4
7	10	4	0	1	1	2	2	100	4
7	34	4	0	2	2	2	2	100	6
7	42	4	0	2	2	2	2	100	5
7	29	4	0	2	1	2	2	100	4
7	39	5	0	1	1	2	1	10	3
7	15	5	0	2	2	2	1	10	4
7	8	5	0	1	1	2	1	10	4
7	33	5	0	2	2	2	1	10	9
7	23	5	0	1	1	2	1	10	5
7	4	5	0	1	1	2	1	10	3
7	44	5	0	1	1	2	1	10	7
7	18	5	0	2	2	2	1	10	6
7	14	5	0	2	2	2	1	10	6
8	42	1	0	1	1	1	1	100	12
8	6	1	0	1	1	1	1	100	4
8	35	1	0	1	2	1	1	100	14
8	14	1	0	1	1	1	1	100	5
8	32	1	0	1	1	1	1	100	8
8	31	1	0	1	1	1	1	100	5
8	23	1	0	1	1	1	1	100	5
8	11	1	0	2	1	1	1	100	4
8	24	1	0	1	1	1	1	100	4
8	45	2	0	2	2	2	2	100	9
8	15	2	0	2	2	2	2	100	3
8	43	2	0	2	2	2	2	100	6
8	5	2	0	2	1	2	2	100	20
8	37	2	0	2	2	2	2	100	9
8	19	2	0	2	2	2	2	100	2
8	10	2	0	2	2	2	2	100	7
8	27	2	0	1	1	2	2	100	9
8	16	2	0	2	2	2	2	100	4
8	7	3	0	2	2	2	2	100	5
8	9	3	0	1	1	2	2	100	4
8	25	3	0	2	1	2	2	100	18
8	1	3	0	2	2	2	2	100	41
8	38	3	0	1	2	2	2	100	23
8	18	3	0	2	2	2	2	100	2
8	26	3	0	1	1	2	2	100	5
8	21	3	0	1	1	2	2	100	11
8	3	3	0	1	1	2	2	100	3
8	30	4	0	1	1	2	1	10	5
8	2	4	0	2	2	2	1	10	5
8	22	4	0	1	1	2	1	10	6
8	40	4	0	1	1	2	1	10	9
8	12	4	0	1	2	2	1	10	5
8	13	4	0	1	1	2	1	10	3
8	44	4	0	2	1	2	1	10	4
8	28	4	0	2	2	2	1	10	10
8	34	4	0	1	1	2	1	10	4
8	33	5	0	1	2	2	1	10	27
8	4	5	0	2	1	2	1	10	4
8	17	5	0	1	2	2	1	10	4
8	8	5	0	1	1	2	1	10	7
8	39	5	0	1	1	2	1	10	3
8	29	5	0	1	1	2	1	10	7
8	41	5	0	1	1	2	1	10	2
8	36	5	0	2	2	2	1	10	7
8	20	5	0	1	2	2	1	10	10
9	45	1	0	1	1	2	1	10	4
9	36	1	0	1	1	2	1	10	5
9	5	1	0	1	1	2	1	10	10
9	16	1	0	1	2	2	1	10	5
9	18	1	0	1	1	2	1	10	4
9	42	1	0	1	1	2	1	10	5
9	28	1	0	1	1	2	1	10	12
9	27	1	0	2	2	2	1	10	3
9	32	1	0	2	2	2	1	10	5
9	38	2	0	2	2	2	2	100	24
9	15	2	0	2	2	2	2	100	3
9	17	2	0	2	2	2	2	100	7
9	40	2	0	2	1	2	2	100	14
9	31	2	0	2	2	2	2	100	7
9	6	2	0	2	2	2	2	100	5
9	34	2	0	1	1	2	2	100	3
9	41	2	0	2	2	2	2	100	2
9	37	2	0	1	1	2	2	100	5
9	39	3	0	1	1	1	2	10	4
9	10	3	0	2	2	1	2	10	4
9	11	3	0	2	1	1	2	10	4
9	13	3	0	1	1	1	2	10	3
9	7	3	0	1	1	1	2	10	3
9	22	3	0	2	1	1	2	10	4
9	2	3	0	1	1	1	2	10	4
9	29	3	0	2	1	1	2	10	4
9	30	3	0	1	1	1	2	10	5
9	35	4	0	1	1	2	2	100	4
9	3	4	0	2	2	2	2	100	5
9	8	4	0	2	2	2	2	100	3
9	23	4	0	2	2	2	2	100	5
9	26	4	0	2	2	2	2	100	18
9	25	4	0	2	1	2	2	100	13
9	20	4	0	2	2	2	2	100	18
9	24	4	0	2	1	2	2	100	5
9	44	4	0	2	1	2	2	100	8
9	1	5	0	1	1	2	2	100	11
9	4	5	0	2	1	2	2	100	2
9	14	5	0	2	2	2	2	100	6
9	33	5	0	2	1	2	2	100	17
9	9	5	0	1	1	2	2	100	3
9	21	5	0	2	2	2	2	100	38
9	12	5	0	2	2	2	2	100	4
9	43	5	0	2	2	2	2	100	4
9	19	5	0	1	1	2	2	100	4
10	37	1	0	2	2	2	2	100	8
10	35	1	0	2	2	2	2	100	4
10	7	1	0	1	1	2	2	100	3
10	41	1	0	1	1	2	2	100	2
10	26	1	0	2	1	2	2	100	13
10	12	1	0	2	1	2	2	100	5
10	18	1	0	2	2	2	2	100	3
10	4	1	0	2	1	2	2	100	5
10	11	1	0	2	1	2	2	100	10
10	36	2	0	1	1	2	2	100	7
10	44	2	0	2	1	2	2	100	5
10	30	2	0	2	2	2	2	100	5
10	38	2	0	1	2	2	2	100	29
10	43	2	0	1	1	2	2	100	5
10	33	2	0	2	2	2	2	100	8
10	17	2	0	2	1	2	2	100	4
10	45	2	0	2	2	2	2	100	3
10	40	2	0	1	1	2	2	100	5
10	28	3	0	1	1	2	2	100	7
10	24	3	0	1	1	2	2	100	3
10	3	3	0	2	2	2	2	100	3
10	32	3	0	2	2	2	2	100	6
10	19	3	0	2	2	2	2	100	2
10	31	3	0	2	2	2	2	100	5
10	23	3	0	2	2	2	2	100	4
10	13	3	0	1	1	2	2	100	3
10	2	3	0	2	2	2	2	100	7
10	14	4	0	1	1	1	1	100	5
10	8	4	0	1	1	1	1	100	5
10	39	4	0	1	1	1	1	100	3
10	1	4	0	1	1	1	1	100	6
10	29	4	0	1	1	1	1	100	4
10	20	4	0	1	2	1	1	100	10
10	25	4	0	1	1	1	1	100	4
10	21	4	0	1	1	1	1	100	3
10	34	4	0	1	1	1	1	100	3
10	6	5	0	1	1	2	1	10	4
10	22	5	0	1	1	2	1	10	5
10	9	5	0	2	2	2	1	10	6
10	16	5	0	1	2	2	1	10	8
10	5	5	0	1	1	2	1	10	4
10	42	5	0	2	2	2	1	10	3
10	27	5	0	2	2	2	1	10	5
10	10	5	0	1	1	2	1	10	4
10	15	5	0	2	2	2	1	10	3
11	36	1	0	1	1	1	1	100	3
11	40	1	0	1	1	1	1	100	3
11	8	1	0	1	1	1	1	100	3
11	21	1	0	1	1	1	1	100	15
11	14	1	0	1	1	1	1	100	4
11	41	1	0	1	1	1	1	100	2
11	30	1	0	1	1	1	1	100	4
11	26	1	0	1	1	1	1	100	5
11	31	1	0	1	1	1	1	100	3
11	17	2	0	1	1	2	1	10	5
11	29	2	0	2	1	2	1	10	4
11	23	2	0	1	1	2	1	10	3
11	24	2	0	1	1	2	1	10	4
11	32	2	0	2	2	2	1	10	5
11	37	2	0	2	2	2	1	10	7
11	33	2	0	2	2	2	1	10	8
11	39	2	0	1	1	2	1	10	4
11	44	2	0	2	1	2	1	10	6
11	16	3	0	2	2	2	2	100	6
11	28	3	0	2	2	2	2	100	7
11	13	3	0	2	2	2	2	100	3
11	15	3	0	2	2	2	2	100	4
11	27	3	0	2	2	2	2	100	9
11	25	3	0	2	1	2	2	100	7
11	20	3	0	2	2	2	2	100	9
11	2	3	0	1	1	2	2	100	3
11	6	3	0	1	1	2	2	100	4
11	19	4	0	2	2	2	2	100	3
11	4	4	0	2	1	2	2	100	2
11	10	4	0	2	2	2	2	100	4
11	3	4	0	1	1	2	2	100	2
11	1	4	0	2	2	2	2	100	3
11	35	4	0	2	2	2	2	100	2
11	7	4	0	1	1	2	2	100	3
11	45	4	0	1	1	2	2	100	3
11	22	4	0	2	2	2	2	100	4
11	43	5	0	2	2	2	2	100	5
11	34	5	0	1	1	2	2	100	2
11	5	5	0	2	2	2	2	100	16
11	38	5	0	2	2	2	2	100	13
11	9	5	0	2	1	2	2	100	17
11	12	5	0	2	2	2	2	100	4
11	42	5	0	2	2	2	2	100	3
11	18	5	0	2	2	2	2	100	2
11	11	5	0	1	1	2	2	100	5
12	13	1	0	1	1	2	2	100	3
12	16	1	0	2	2	2	2	100	5
12	9	1	0	1	1	2	2	100	7
12	33	1	0	2	2	2	2	100	6
12	7	1	0	2	2	2	2	100	3
12	28	1	0	2	2	2	2	100	8
12	12	1	0	2	2	2	2	100	5
12	3	1	0	1	1	2	2	100	7
12	26	1	0	2	2	2	2	100	9
12	5	2	0	1	1	1	1	100	5
12	17	2	0	1	1	1	1	100	3
12	21	2	0	1	2	1	1	100	10
12	2	2	0	1	1	1	1	100	4
12	31	2	0	1	1	1	1	100	3
12	43	2	0	1	1	1	1	100	3
12	42	2	0	1	1	1	1	100	5
12	41	2	0	1	1	1	1	100	2
12	6	2	0	1	1	1	1	100	6
12	19	3	0	2	2	2	2	100	3
12	38	3	0	1	2	2	2	100	21
12	25	3	0	2	1	2	2	100	7
12	29	3	0	2	1	2	2	100	4
12	32	3	0	2	2	2	2	100	4
12	1	3	0	2	2	2	2	100	5
12	23	3	0	1	1	2	2	100	5
12	4	3	0	2	1	2	2	100	4
12	24	3	0	2	1	2	2	100	3
12	30	4	0	2	2	2	2	100	4
12	37	4	0	2	2	2	2	100	3
12	45	4	0	2	1	2	2	100	10
12	10	4	0	2	2	2	2	100	6
12	15	4	0	2	2	2	2	100	3
12	36	4	0	2	2	2	2	100	3
12	14	4	0	2	2	2	2	100	4
12	44	4	0	2	1	2	2	100	4
12	39	4	0	1	1	2	2	100	4
12	22	5	0	1	1	2	2	100	3
12	20	5	0	2	1	2	2	100	18
12	11	5	0	2	2	2	2	100	3
12	35	5	0	2	2	2	2	100	3
12	27	5	0	2	2	2	2	100	8
12	40	5	0	2	1	2	2	100	5
12	34	5	0	2	2	2	2	100	3
12	18	5	0	2	2	2	2	100	3
12	8	5	0	2	1	2	2	100	6
13	37	1	0	1	1	2	1	10	15
13	34	1	0	1	1	2	1	10	3
13	18	1	0	1	1	2	1	10	5
13	10	1	0	1	1	2	1	10	6
13	2	1	0	1	1	2	1	10	5
13	6	1	0	2	2	2	1	10	6
13	30	1	0	1	1	2	1	10	5
13	16	1	0	2	2	2	1	10	6
13	21	1	0	1	2	2	1	10	21
13	26	2	0	2	2	2	2	100	6
13	5	2	0	2	2	2	2	100	10
13	19	2	0	1	1	2	2	100	3
13	25	2	0	2	1	2	2	100	7
13	4	2	0	2	1	2	2	100	3
13	39	2	0	2	1	2	2	100	7
13	22	2	0	2	2	2	2	100	3
13	33	2	0	2	2	2	2	100	5
13	41	2	0	2	2	2	2	100	2
13	3	3	0	2	2	1	1	100	3
13	31	3	0	1	1	1	1	100	3
13	23	3	0	1	1	1	1	100	11
13	38	3	0	1	2	1	1	100	14
13	12	3	0	1	1	1	1	100	3
13	20	3	0	1	1	1	1	100	18
13	45	3	0	2	1	1	1	100	25
13	11	3	0	2	1	1	1	100	19
13	27	3	0	1	1	1	1	100	9
13	28	4	0	2	2	2	2	100	5
13	14	4	0	2	2	2	2	100	4
13	32	4	0	1	1	2	2	100	5
13	35	4	0	2	2	2	2	100	3
13	42	4	0	2	2	2	2	100	5
13	43	4	0	1	1	2	2	100	3
13	8	4	0	2	1	2	2	100	9
13	40	4	0	2	1	2	2	100	4
13	29	4	0	2	1	2	2	100	4
13	7	5	0	2	2	2	2	100	3
13	17	5	0	1	1	2	2	100	3
13	24	5	0	2	1	2	2	100	5
13	9	5	0	2	2	2	2	100	3
13	1	5	0	1	1	2	2	100	5
13	13	5	0	2	2	2	2	100	2
13	44	5	0	2	1	2	2	100	6
13	15	5	0	2	2	2	2	100	4
13	36	5	0	2	2	2	2	100	3
14	11	1	0	2	2	2	1	10	8
14	37	1	0	1	1	2	1	10	4
14	40	1	0	1	1	2	1	10	3
14	42	1	0	1	1	2	1	10	4
14	23	1	0	1	1	2	1	10	3
14	15	1	0	1	1	2	1	10	2
14	6	1	0	2	2	2	1	10	5
14	28	1	0	2	2	2	1	10	5
14	19	1	0	2	2	2	1	10	3
14	29	2	0	1	1	1	1	100	3
14	16	2	0	1	1	1	1	100	5
14	41	2	0	1	1	1	1	100	2
14	12	2	0	2	1	1	1	100	3
14	33	2	0	1	2	1	1	100	15
14	39	2	0	1	1	1	1	100	6
14	34	2	0	1	1	1	1	100	3
14	32	2	0	1	1	1	1	100	5
14	31	2	0	1	1	1	1	100	4
14	44	3	0	1	1	1	1	100	7
14	4	3	0	1	1	1	1	100	3
14	20	3	0	1	1	1	1	100	10
14	21	3	0	1	1	1	1	100	27
14	3	3	0	1	1	1	1	100	5
14	13	3	0	1	1	1	1	100	3
14	10	3	0	1	1	1	1	100	4
14	22	3	0	2	2	1	1	100	5
14	9	3	0	1	1	1	1	100	40
14	2	4	0	2	2	1	1	100	3
14	18	4	0	1	1	1	1	100	3
14	14	4	0	1	1	1	1	100	4
14	43	4	0	1	1	1	1	100	4
14	8	4	0	1	1	1	1	100	3
14	30	4	0	1	1	1	1	100	4
14	17	4	0	1	1	1	1	100	3
14	24	4	0	2	1	1	1	100	5
14	27	4	0	1	1	1	1	100	3
14	7	5	0	1	1	2	2	100	3
14	26	5	0	1	1	2	2	100	5
14	25	5	0	1	1	2	2	100	5
14	45	5	0	2	2	2	2	100	12
14	35	5	0	1	1	2	2	100	4
14	5	5	0	2	2	2	2	100	9
14	36	5	0	2	2	2	2	100	3
14	1	5	0	1	1	2	2	100	2
14	38	5	0	2	2	2	2	100	25
15	9	1	0	1	1	2	1	10	5
15	22	1	0	1	1	2	1	10	7
15	14	1	0	2	2	2	1	10	4
15	5	1	0	2	2	2	1	10	8
15	39	1	0	2	1	2	1	10	3
15	37	1	0	2	2	2	1	10	4
15	8	1	0	1	1	2	1	10	3
15	16	1	0	1	1	2	1	10	5
15	19	1	0	1	1	2	1	10	3
15	45	2	0	2	1	1	1	100	10
15	20	2	0	2	1	1	1	100	7
15	25	2	0	1	1	1	1	100	5
15	44	2	0	1	1	1	1	100	6
15	10	2	0	2	2	1	1	100	4
15	12	2	0	1	1	1	1	100	4
15	23	2	0	1	1	1	1	100	4
15	40	2	0	2	1	1	1	100	3
15	24	2	0	1	1	1	1	100	3
15	30	3	0	2	2	2	1	10	3
15	36	3	0	1	1	2	1	10	3
15	32	3	0	1	1	2	1	10	4
15	42	3	0	1	1	2	1	10	4
15	27	3	0	2	2	2	1	10	6
15	21	3	0	1	1	2	1	10	29
15	41	3	0	1	1	2	1	10	2
15	3	3	0	2	2	2	1	10	4
15	28	3	0	1	1	2	1	10	12
15	13	4	0	2	2	2	1	10	2
15	2	4	0	1	1	2	1	10	5
15	26	4	0	1	1	2	1	10	5
15	11	4	0	1	2	2	1	10	3
15	34	4	0	1	1	2	1	10	4
15	38	4	0	1	2	2	1	10	25
15	7	4	0	1	1	2	1	10	3
15	29	4	0	1	1	2	1	10	4
15	15	4	0	1	1	2	1	10	3
15	35	5	0	1	1	2	1	10	3
15	18	5	0	2	2	2	1	10	2
15	1	5	0	1	1	2	1	10	2
15	6	5	0	1	1	2	1	10	10
15	4	5	0	1	1	2	1	10	4
15	43	5	0	2	2	2	1	10	4
15	31	5	0	1	1	2	1	10	3
15	17	5	0	2	1	2	1	10	2
15	33	5	0	1	2	2	1	10	8
