1	5	1	0	2	1	2	2	100	12
1	27	1	0	1	1	2	2	100	33
1	20	1	0	2	2	2	2	100	21
1	13	1	0	2	2	2	2	100	44
1	24	1	0	1	2	2	2	100	21
1	33	1	3	2	1	2	2	25	58
1	17	1	0	2	2	2	2	100	13
1	7	1	0	2	2	2	2	100	30
1	31	1	3	2	2	2	2	25	50
1	6	2	0	2	1	2	2	100	11
1	10	2	3	2	2	2	2	25	26
1	1	2	0	2	2	2	2	100	22
1	4	2	0	2	1	2	2	100	14
1	18	2	0	1	1	2	2	100	23
1	36	2	3	1	1	2	2	25	8
1	26	2	0	2	2	2	2	100	31
1	8	2	0	2	2	2	2	100	15
1	25	2	0	2	2	2	2	100	39
1	11	3	3	2	2	2	2	25	62
1	23	3	0	2	1	2	2	100	22
1	35	3	0	2	2	2	2	100	20
1	19	3	3	1	1	2	2	25	43
1	28	3	0	2	1	2	2	100	45
1	15	3	0	2	1	2	2	100	18
1	16	3	0	1	2	2	2	100	46
1	22	3	0	2	2	2	2	100	29
1	34	3	0	1	1	2	2	100	13
1	29	4	0	2	2	2	1	10	20
1	14	4	0	1	1	2	1	10	11
1	2	4	0	2	2	2	1	10	44
1	3	4	0	2	2	2	1	10	25
1	9	4	0	2	2	2	1	10	19
1	32	4	0	1	1	2	1	10	65
1	12	4	0	2	2	2	1	10	25
1	21	4	0	2	2	2	1	10	72
1	30	4	0	1	1	2	1	10	24
2	21	1	3	1	1	2	1	10	105
2	34	1	3	2	1	2	1	10	29
2	11	1	0	1	2	2	1	10	90
2	24	1	3	1	1	2	1	10	13
2	10	1	0	2	1	2	1	10	5
2	20	1	0	1	1	2	1	10	5
2	1	1	3	1	2	2	1	10	6
2	35	1	0	1	2	2	1	10	16
2	30	1	3	2	2	2	1	10	32
2	5	2	0	2	1	2	2	100	5
2	29	2	0	2	2	2	2	100	27
2	27	2	0	2	2	2	2	100	54
2	6	2	0	2	2	2	2	100	9
2	15	2	0	2	1	2	2	100	6
2	14	2	0	2	2	2	2	100	11
2	9	2	0	1	1	2	2	100	21
2	12	2	3	1	1	2	2	25	14
2	28	2	0	2	1	2	2	100	13
2	25	3	0	2	2	2	2	100	11
2	33	3	0	2	2	2	2	100	38
2	23	3	0	2	2	2	2	100	21
2	16	3	0	2	2	2	2	100	37
2	26	3	0	2	2	2	2	100	5
2	17	3	0	2	2	2	2	100	6
2	18	3	3	1	1	2	2	25	14
2	8	3	0	2	2	2	2	100	4
2	19	3	0	1	1	2	2	100	37
2	4	4	0	2	2	2	2	100	5
2	3	4	0	2	2	2	2	100	22
2	36	4	0	2	2	2	2	100	7
2	7	4	0	1	1	2	2	100	35
2	2	4	0	1	1	2	2	100	37
2	32	4	0	2	2	2	2	100	17
2	13	4	0	1	1	2	2	100	21
2	31	4	0	2	2	2	2	100	18
2	22	4	0	1	2	2	2	100	17
3	15	1	0	2	2	2	1	10	4
3	34	1	0	1	1	2	1	10	12
3	31	1	0	2	2	2	1	10	7
3	24	1	0	1	1	2	1	10	21
3	14	1	0	1	1	2	1	10	3
3	20	1	0	1	1	2	1	10	12
3	4	1	3	1	2	2	1	10	5
3	30	1	0	1	1	2	1	10	38
3	6	1	0	1	1	2	1	10	7
3	12	2	0	1	1	2	1	10	9
3	8	2	3	1	1	2	1	10	3
3	5	2	0	2	1	2	1	10	3
3	32	2	0	1	2	2	1	10	33
3	22	2	0	2	1	2	1	10	8
3	27	2	0	1	2	2	1	10	72
3	16	2	0	1	1	2	1	10	22
3	10	2	0	1	1	2	1	10	17
3	23	2	3	2	1	2	1	10	9
3	7	3	0	1	1	2	1	10	28
3	33	3	0	1	1	2	1	10	20
3	21	3	0	1	1	2	1	10	62
3	3	3	0	1	1	2	1	10	3
3	26	3	0	1	1	2	1	10	7
3	35	3	0	1	1	2	1	10	26
3	25	3	0	2	2	2	1	10	12
3	18	3	3	1	1	2	1	10	10
3	13	3	0	1	1	2	1	10	18
3	9	4	0	2	2	2	2	100	8
3	36	4	0	1	1	2	2	100	10
3	1	4	0	2	1	2	2	100	15
3	17	4	0	2	2	2	2	100	7
3	28	4	0	2	2	2	2	100	8
3	19	4	0	2	2	2	2	100	67
3	29	4	0	2	2	2	2	100	14
3	11	4	0	1	1	2	2	100	33
3	2	4	0	1	2	2	2	100	30
4	7	1	0	2	2	2	1	10	37
4	23	1	0	2	2	2	1	10	39
4	10	1	0	2	1	2	1	10	6
4	6	1	0	1	2	2	1	10	7
4	34	1	0	2	2	2	1	10	8
4	32	1	0	1	1	2	1	10	24
4	15	1	0	2	1	2	1	10	9
4	9	1	0	1	1	2	1	10	7
4	25	1	0	2	2	2	1	10	10
4	30	2	0	2	1	2	1	10	21
4	17	2	0	2	2	2	1	10	15
4	4	2	0	1	1	2	1	10	4
4	29	2	0	1	1	2	1	10	9
4	18	2	0	2	1	2	1	10	30
4	21	2	0	2	1	2	1	10	53
4	3	2	0	1	1	2	1	10	5
4	20	2	0	1	1	2	1	10	5
4	2	2	0	1	1	2	1	10	23
4	19	3	0	2	2	2	2	100	37
4	27	3	3	2	2	2	2	25	49
4	35	3	0	1	1	2	2	100	12
4	1	3	3	1	1	2	2	25	6
4	24	3	0	2	2	2	2	100	4
4	11	3	0	2	2	2	2	100	23
4	5	3	3	2	1	2	2	25	3
4	14	3	0	2	2	2	2	100	5
4	13	3	3	1	2	2	2	25	47
4	28	4	0	1	2	2	1	10	8
4	26	4	0	1	1	2	1	10	7
4	12	4	0	2	1	2	1	10	9
4	31	4	0	1	1	2	1	10	26
4	8	4	0	1	1	2	1	10	3
4	22	4	0	1	1	2	1	10	22
4	36	4	0	2	2	2	1	10	5
4	16	4	0	1	1	2	1	10	45
4	33	4	0	2	2	2	1	10	31
5	35	1	0	1	1	2	1	10	13
5	16	1	3	1	1	2	1	10	36
5	31	1	0	2	2	2	1	10	15
5	11	1	0	2	2	2	1	10	13
5	15	1	0	2	1	2	1	10	4
5	18	1	0	1	1	2	1	10	25
5	34	1	3	2	2	2	1	10	19
5	5	1	0	2	1	2	1	10	3
5	13	1	0	1	2	2	1	10	47
5	25	2	0	2	2	2	2	100	29
5	14	2	0	2	2	2	2	100	5
5	9	2	0	2	2	2	2	100	23
5	22	2	3	2	2	2	2	25	8
5	4	2	0	1	2	2	2	100	17
5	26	2	0	2	2	2	2	100	7
5	27	2	0	1	2	2	2	100	48
5	33	2	0	2	1	2	2	100	26
5	17	2	0	2	2	2	2	100	23
5	28	3	0	2	2	2	2	100	9
5	36	3	0	2	2	2	2	100	24
5	24	3	3	1	2	2	2	25	7
5	21	3	0	2	1	2	2	100	51
5	10	3	0	2	2	2	2	100	17
5	12	3	0	1	1	2	2	100	12
5	20	3	0	2	2	2	2	100	14
5	3	3	0	1	1	2	2	100	9
5	1	3	3	2	2	2	2	25	11
5	7	4	3	2	1	2	2	25	12
5	8	4	0	2	2	2	2	100	3
5	19	4	3	2	2	2	2	25	13
5	6	4	0	1	1	2	2	100	3
5	30	4	0	2	1	2	2	100	20
5	32	4	0	2	2	2	2	100	50
5	23	4	0	1	1	2	2	100	55
5	29	4	0	2	2	2	2	100	33
5	2	4	3	2	2	2	2	25	42
6	24	1	0	1	1	2	2	100	8
6	25	1	0	1	1	2	2	100	6
6	32	1	0	2	2	2	2	100	26
6	18	1	0	2	2	2	2	100	19
6	36	1	0	2	2	2	2	100	8
6	19	1	0	2	2	2	2	100	52
6	3	1	3	2	2	2	2	25	3
6	12	1	0	1	1	2	2	100	3
6	31	1	3	1	1	2	2	25	32
6	13	2	0	1	2	2	2	100	33
6	35	2	3	1	1	2	2	25	10
6	21	2	0	2	1	2	2	100	43
6	22	2	0	1	1	2	2	100	15
6	17	2	0	2	2	2	2	100	25
6	28	2	0	1	1	2	2	100	11
6	16	2	0	2	2	2	2	100	12
6	29	2	0	2	2	2	2	100	14
6	27	2	3	2	1	2	2	25	57
6	14	3	0	2	2	2	1	10	7
6	6	3	0	1	1	2	1	10	12
6	30	3	0	1	2	2	1	10	23
6	34	3	0	1	1	2	1	10	17
6	4	3	0	1	1	2	1	10	9
6	33	3	0	1	1	2	1	10	10
6	20	3	0	1	1	2	1	10	4
6	7	3	0	1	1	2	1	10	15
6	8	3	0	1	1	2	1	10	4
6	9	4	0	2	2	2	2	100	12
6	23	4	0	1	1	2	2	100	30
6	1	4	0	1	1	2	2	100	10
6	10	4	0	2	2	2	2	100	20
6	2	4	0	2	1	2	2	100	60
6	11	4	0	1	2	2	2	100	25
6	15	4	0	2	1	2	2	100	3
6	5	4	0	2	1	2	2	100	2
6	26	4	0	1	2	2	2	100	5
7	18	1	0	1	2	2	1	10	26
7	30	1	0	1	1	2	1	10	7
7	11	1	0	1	1	2	1	10	13
7	23	1	0	1	1	2	1	10	37
7	22	1	0	1	1	2	1	10	8
7	4	1	3	1	2	2	1	10	7
7	8	1	0	1	2	2	1	10	3
7	19	1	0	2	2	2	1	10	13
7	6	1	0	1	1	2	1	10	7
7	5	2	0	2	1	2	2	100	2
7	32	2	0	2	2	2	2	100	11
7	34	2	0	2	2	2	2	100	8
7	12	2	0	1	1	2	2	100	3
7	15	2	0	1	1	2	2	100	3
7	1	2	0	2	2	2	2	100	16
7	10	2	0	1	1	2	2	100	12
7	29	2	3	1	1	2	2	25	13
7	24	2	3	2	2	2	2	25	5
7	25	3	0	1	1	2	1	10	6
7	3	3	0	1	1	2	1	10	5
7	14	3	0	1	1	2	1	10	4
7	7	3	0	2	2	2	1	10	4
7	27	3	0	1	1	2	1	10	76
7	31	3	0	2	2	2	1	10	3
7	17	3	0	2	2	2	1	10	18
7	16	3	0	1	1	2	1	10	46
7	20	3	0	1	1	2	1	10	5
7	35	4	0	2	2	2	2	100	24
7	33	4	0	2	1	2	2	100	19
7	28	4	0	2	2	2	2	100	7
7	21	4	3	2	1	2	2	25	42
7	9	4	0	2	2	2	2	100	12
7	13	4	0	1	1	2	2	100	40
7	26	4	0	1	1	2	2	100	8
7	2	4	3	2	2	2	2	25	44
7	36	4	0	2	2	2	2	100	6
8	13	1	3	1	1	2	2	25	19
8	27	1	0	1	2	2	2	100	44
8	30	1	3	2	1	2	2	25	7
8	3	1	0	1	1	2	2	100	4
8	8	1	0	2	2	2	2	100	5
8	24	1	0	2	1	2	2	100	9
8	33	1	0	1	1	2	2	100	13
8	10	1	0	2	1	2	2	100	14
8	35	1	3	2	2	2	2	25	12
8	22	2	3	1	2	2	1	10	8
8	32	2	0	1	1	2	1	10	44
8	14	2	0	1	1	2	1	10	4
8	20	2	0	2	2	2	1	10	6
8	7	2	0	1	1	2	1	10	5
8	4	2	3	2	2	2	1	10	9
8	2	2	0	1	2	2	1	10	20
8	19	2	0	2	2	2	1	10	26
8	11	2	0	1	1	2	1	10	5
8	12	3	0	2	1	2	2	100	3
8	16	3	0	1	1	2	2	100	12
8	5	3	0	2	1	2	2	100	5
8	6	3	0	1	1	2	2	100	7
8	21	3	0	2	1	2	2	100	57
8	25	3	0	2	2	2	2	100	10
8	34	3	0	2	2	2	2	100	11
8	28	3	0	2	1	2	2	100	7
8	1	3	0	2	2	2	2	100	11
8	17	4	0	1	1	2	1	10	16
8	9	4	0	1	1	2	1	10	15
8	29	4	0	1	1	2	1	10	8
8	18	4	0	1	2	2	1	10	9
8	15	4	0	1	1	2	1	10	3
8	36	4	0	1	1	2	1	10	10
8	31	4	0	2	2	2	1	10	7
8	23	4	0	2	2	2	1	10	9
8	26	4	0	1	2	2	1	10	4
9	17	1	0	2	2	2	2	100	8
9	10	1	0	1	1	2	2	100	3
9	3	1	0	2	2	2	2	100	5
9	32	1	0	2	2	2	2	100	14
9	25	1	3	2	1	2	2	25	16
9	24	1	0	1	1	2	2	100	17
9	4	1	0	2	2	2	2	100	10
9	31	1	0	2	2	2	2	100	4
9	28	1	0	2	1	2	2	100	20
9	1	2	0	1	1	2	2	100	9
9	30	2	0	2	1	2	2	100	36
9	9	2	0	1	2	2	2	100	7
9	11	2	3	2	2	2	2	25	4
9	29	2	0	1	2	2	2	100	6
9	26	2	0	1	2	2	2	100	6
9	12	2	0	1	1	2	2	100	12
9	14	2	0	2	2	2	2	100	2
9	27	2	0	2	2	2	2	100	29
9	33	3	0	2	1	2	2	100	43
9	7	3	0	2	1	2	2	100	5
9	15	3	3	2	1	2	2	25	4
9	23	3	0	2	2	2	2	100	4
9	13	3	0	2	2	2	2	100	18
9	19	3	0	1	1	2	2	100	35
9	16	3	0	1	1	2	2	100	42
9	35	3	0	2	2	2	2	100	36
9	20	3	0	2	1	2	2	100	5
9	6	4	0	1	1	2	1	10	14
9	2	4	3	2	1	2	1	10	41
9	21	4	0	1	1	2	1	10	44
9	18	4	0	1	2	2	1	10	10
9	34	4	0	1	1	2	1	10	7
9	5	4	0	1	1	2	1	10	10
9	22	4	0	1	1	2	1	10	7
9	8	4	0	2	2	2	1	10	2
9	36	4	0	2	2	2	1	10	17
10	26	1	0	2	2	2	1	10	3
10	3	1	0	1	1	2	1	10	5
10	11	1	0	1	2	2	1	10	6
10	18	1	0	1	2	2	1	10	38
10	1	1	3	1	1	2	1	10	8
10	6	1	0	2	2	2	1	10	7
10	7	1	0	2	2	2	1	10	15
10	25	1	0	1	1	2	1	10	8
10	31	1	0	1	1	2	1	10	6
10	28	2	0	1	2	2	1	10	9
10	9	2	0	1	2	2	1	10	7
10	5	2	3	1	1	2	1	10	3
10	36	2	0	1	2	2	1	10	24
10	35	2	0	1	1	2	1	10	15
10	24	2	0	1	2	2	1	10	9
10	16	2	0	1	1	2	1	10	18
10	19	2	3	1	1	2	1	10	12
10	33	2	0	2	1	2	1	10	42
10	12	3	0	1	1	2	1	10	3
10	14	3	0	1	1	2	1	10	7
10	13	3	0	2	2	2	1	10	22
10	34	3	0	1	1	2	1	10	9
10	22	3	0	1	1	2	1	10	13
10	15	3	0	2	1	2	1	10	13
10	17	3	0	1	1	2	1	10	13
10	4	3	3	1	2	2	1	10	7
10	20	3	3	1	2	2	1	10	6
10	8	4	0	2	2	2	2	100	4
10	10	4	0	2	1	2	2	100	17
10	30	4	0	2	1	2	2	100	7
10	29	4	0	1	2	2	2	100	5
10	32	4	0	2	2	2	2	100	6
10	2	4	0	1	1	2	2	100	31
10	23	4	0	1	1	2	2	100	14
10	21	4	0	2	1	2	2	100	46
10	27	4	0	2	2	2	2	100	12
11	21	1	3	2	2	2	1	10	27
11	31	1	0	1	2	2	1	10	21
11	9	1	0	1	1	2	1	10	8
11	7	1	0	1	1	2	1	10	3
11	25	1	0	2	1	2	1	10	22
11	2	1	0	2	2	2	1	10	31
11	16	1	0	1	2	2	1	10	34
11	27	1	0	2	2	2	1	10	17
11	32	1	3	1	1	2	1	10	24
11	8	2	0	2	2	2	1	10	14
11	17	2	3	1	2	2	1	10	7
11	23	2	0	1	1	2	1	10	18
11	6	2	0	1	1	2	1	10	6
11	28	2	0	1	2	2	1	10	17
11	19	2	0	2	2	2	1	10	38
11	26	2	0	2	2	2	1	10	6
11	12	2	0	1	1	2	1	10	3
11	24	2	0	1	1	2	1	10	9
11	3	3	0	2	2	2	2	100	5
11	5	3	0	2	1	2	2	100	6
11	13	3	0	1	1	2	2	100	6
11	14	3	0	2	2	2	2	100	4
11	15	3	0	2	1	2	2	100	2
11	34	3	0	2	2	2	2	100	11
11	11	3	0	1	2	2	2	100	4
11	22	3	0	2	1	2	2	100	7
11	33	3	3	2	1	2	2	25	31
11	36	4	0	1	2	2	2	100	32
11	1	4	0	2	2	2	2	100	5
11	35	4	0	2	2	2	2	100	8
11	18	4	0	1	2	2	2	100	9
11	4	4	0	2	2	2	2	100	5
11	30	4	0	2	2	2	2	100	23
11	20	4	0	2	1	2	2	100	5
11	10	4	3	1	1	2	2	25	7
11	29	4	3	1	2	2	2	25	24
12	3	1	3	1	1	2	2	25	14
12	36	1	0	2	2	2	2	100	16
12	23	1	0	2	2	2	2	100	39
12	27	1	0	1	2	2	2	100	24
12	16	1	0	1	1	2	2	100	7
12	5	1	0	1	1	2	2	100	4
12	11	1	0	1	2	2	2	100	16
12	32	1	0	1	1	2	2	100	15
12	33	1	3	2	1	2	2	25	21
12	8	2	0	2	2	2	1	10	3
12	15	2	0	2	1	2	1	10	3
12	12	2	3	1	1	2	1	10	6
12	17	2	0	1	1	2	1	10	12
12	18	2	0	2	2	2	1	10	6
12	29	2	0	2	2	2	1	10	9
12	9	2	0	1	2	2	1	10	7
12	10	2	0	2	1	2	1	10	21
12	31	2	0	1	2	2	1	10	16
12	20	3	0	1	2	2	2	100	9
12	26	3	0	2	2	2	2	100	8
12	2	3	0	2	2	2	2	100	23
12	19	3	3	2	2	2	2	25	26
12	14	3	0	2	2	2	2	100	4
12	7	3	0	2	2	2	2	100	4
12	34	3	0	2	2	2	2	100	6
12	28	3	0	1	1	2	2	100	7
12	6	3	0	2	1	2	2	100	6
12	1	4	0	2	2	2	2	100	8
12	13	4	3	1	1	2	2	25	18
12	35	4	0	1	1	2	2	100	19
12	24	4	0	2	2	2	2	100	11
12	21	4	0	2	2	2	2	100	77
12	25	4	3	2	1	2	2	25	16
12	30	4	0	2	1	2	2	100	7
12	22	4	0	1	2	2	2	100	9
12	4	4	0	2	2	2	2	100	4
13	18	1	0	1	2	2	1	10	6
13	10	1	0	1	1	2	1	10	6
13	30	1	0	2	1	2	1	10	21
13	14	1	0	1	1	2	1	10	4
13	22	1	0	2	1	2	1	10	19
13	12	1	0	1	1	2	1	10	3
13	29	1	0	1	2	2	1	10	4
13	25	1	0	1	1	2	1	10	12
13	4	1	0	1	1	2	1	10	14
13	9	2	0	1	1	2	1	10	8
13	19	2	0	1	1	2	1	10	21
13	34	2	0	2	2	2	1	10	2
13	28	2	0	1	2	2	1	10	7
13	24	2	0	1	2	2	1	10	26
13	7	2	0	1	1	2	1	10	12
13	6	2	0	2	1	2	1	10	4
13	27	2	0	1	2	2	1	10	81
13	17	2	0	1	2	2	1	10	10
13	1	3	0	2	2	2	2	100	8
13	2	3	3	1	1	2	2	25	22
13	20	3	0	1	2	2	2	100	4
13	26	3	3	1	1	2	2	25	4
13	32	3	0	2	1	2	2	100	13
13	33	3	0	2	1	2	2	100	13
13	11	3	0	2	2	2	2	100	6
13	3	3	0	2	2	2	2	100	8
13	15	3	0	1	1	2	2	100	7
13	13	4	0	2	2	2	2	100	46
13	36	4	3	2	1	2	2	25	21
13	8	4	3	1	1	2	2	25	2
13	31	4	0	2	2	2	2	100	3
13	21	4	0	2	1	2	2	100	38
13	35	4	3	2	2	2	2	25	9
13	23	4	3	2	2	2	2	25	29
13	16	4	0	2	2	2	2	100	25
13	5	4	0	2	1	2	2	100	3
14	32	1	3	2	1	2	2	25	12
14	31	1	0	2	2	2	2	100	3
14	14	1	0	2	2	2	2	100	6
14	10	1	0	2	1	2	2	100	13
14	1	1	0	1	1	2	2	100	4
14	4	1	0	2	2	2	2	100	4
14	19	1	0	1	1	2	2	100	20
14	36	1	3	2	1	2	2	25	9
14	22	1	3	1	2	2	2	25	12
14	34	2	0	1	1	2	1	10	5
14	18	2	0	1	2	2	1	10	4
14	21	2	0	1	1	2	1	10	27
14	6	2	0	1	1	2	1	10	6
14	13	2	3	1	1	2	1	10	8
14	20	2	0	1	2	2	1	10	7
14	24	2	0	1	1	2	1	10	9
14	23	2	0	1	1	2	1	10	6
14	30	2	0	1	2	2	1	10	7
14	35	3	0	2	2	2	2	100	32
14	9	3	0	2	2	2	2	100	12
14	27	3	0	1	2	2	2	100	35
14	2	3	0	2	2	2	2	100	10
14	29	3	3	1	2	2	2	25	4
14	25	3	3	2	1	2	2	25	8
14	28	3	0	2	2	2	2	100	8
14	3	3	0	1	1	2	2	100	7
14	11	3	0	1	2	2	2	100	5
14	15	4	0	1	1	2	1	10	7
14	8	4	0	2	2	2	1	10	2
14	17	4	3	2	2	2	1	10	12
14	33	4	3	1	1	2	1	10	13
14	26	4	0	1	2	2	1	10	5
14	12	4	0	2	1	2	1	10	3
14	5	4	3	2	1	2	1	10	3
14	16	4	0	2	2	2	1	10	7
14	7	4	0	1	1	2	1	10	5
15	20	1	0	2	2	2	2	100	6
15	21	1	0	2	2	2	2	100	23
15	31	1	0	2	2	2	2	100	3
15	7	1	0	1	1	2	2	100	4
15	3	1	0	2	2	2	2	100	6
15	9	1	3	1	2	2	2	25	16
15	19	1	0	2	2	2	2	100	10
15	27	1	0	1	1	2	2	100	56
15	25	1	0	2	1	2	2	100	17
15	22	2	0	2	2	2	2	100	10
15	10	2	3	2	1	2	2	25	17
15	18	2	0	2	2	2	2	100	3
15	15	2	0	2	2	2	2	100	4
15	1	2	3	1	1	2	2	25	5
15	36	2	0	2	2	2	2	100	16
15	34	2	0	2	2	2	2	100	3
15	26	2	0	1	2	2	2	100	6
15	12	2	0	2	1	2	2	100	1
15	13	3	0	1	1	2	1	10	22
15	30	3	0	1	1	2	1	10	6
15	33	3	0	1	1	2	1	10	10
15	17	3	0	2	2	2	1	10	12
15	11	3	0	1	2	2	1	10	11
15	5	3	0	2	1	2	1	10	2
15	28	3	0	1	2	2	1	10	8
15	14	3	0	1	2	2	1	10	7
15	6	3	0	2	2	2	1	10	2
15	29	4	0	2	2	2	2	100	8
15	8	4	0	2	2	2	2	100	2
15	16	4	0	1	1	2	2	100	9
15	35	4	0	1	1	2	2	100	11
15	24	4	0	2	2	2	2	100	15
15	4	4	0	2	2	2	2	100	5
15	2	4	0	1	1	2	2	100	23
15	23	4	0	2	2	2	2	100	12
15	32	4	3	2	1	2	2	25	5
